




















0
32
2112
32
0








































0
4225
10563
29514
50544
54736
56817
56849
56817
56849
48463
25288
8451
2113



































8451
48367
54670
58830
58830
58829
58829
60910
60910
60910
60910
60910
60943
58896
56784
27434
0































14725
44141
56719
58766
60846
60878
54571
46185
44041
41929
44009
44041
48202
54540
60910
63023
60878
60944
52592
23175




























0
29514
56686
56685
58765
50347
41896
33543
33543
35591
35591
35591
33543
35591
33543
35591
35591
39848
52459
60910
63024
60976
37867
2112

























4225
50479
56685
56685
50380
33543
33511
33543
33543
33543
35591
35591
35591
35591
35591
35591
35591
35591
35591
35591
35623
50411
63023
62991
56784
6338























2145
52591
56685
56717
35656
31431
35591
35591
35591
35591
35591
35591
35591
35591
35591
35591
35591
35591
35591
35591
35623
35655
35591
39784
63024
63024
58930
6338





















32
46285
54636
54572
33543
33511
35591
35591
35591
35591
35591
35591
35591
35591
35591
35591
35591
35591
35591
35591
35591
35591
35591
35591
35591
37735
58765
62991
56817
10532




















37900
52557
50411
31399
33543
35591
35591
35591
35591
35591
35591
35591
35591
35591
35591
35591
35591
35591
35591
35591
35591
35591
35591
35591
35591
35591
37671
56717
63056
56784
8451


















21095
52557
52492
31431
33543
35623
35591
35591
35591
35591
35591
35591
35591
35591
35591
35591
35591
35591
35591
35591
35591
35591
35591
35591
35623
35591
35623
35591
37703
58831
65136
58896
10499
















4193
50476
52557
33543
33543
35591
35591
35623
35623
35623
35623
35623
35623
35623
35591
35591
35623
35623
35623
35623
35623
35623
35623
35623
35623
35623
35623
35623
35591
35623
39848
63025
65105
54668
6370














0
44205
52525
37801
31463
35623
35623
35623
35591
35591
35623
35623
35623
35623
35623
35623
35623
35623
35623
35623
35623
35623
35623
35591
35623
35623
35623
35623
35623
35591
37671
37671
46154
63056
63024
48298
2145













12643
50444
50346
31431
33575
35591
35623
35623
35623
35591
35591
35591
35623
35623
35623
35623
35623
35623
35623
35623
35623
35623
35623
35623
35623
35623
35623
35623
35591
37703
39783
37735
35655
60943
63024
56618
39911
0











0
39979
52492
33479
33543
35623
35623
35623
35623
35623
35623
35623
35623
35623
35623
35623
35623
35623
35623
35623
35623
35623
35623
35623
35623
35623
35623
35623
35623
35623
39815
37735
35623
35623
39815
63024
63024
50215
33606
0










14724
52460
48300
29351
35623
35623
35623
35623
35623
35623
35623
35623
35623
35623
35623
35623
35623
35623
35623
35623
35623
35623
35623
35623
35623
35623
35623
35623
35623
37703
39783
35623
35623
35655
37671
56750
63057
54571
44103
12611










31528
50410
27271
35655
35623
35623
35623
35623
35623
35623
35623
35623
35623
37671
35623
35623
37703
37671
35623
35623
37703
35623
35623
35623
35623
35623
35623
35623
35623
37703
39815
35623
37735
39815
39783
39815
63088
58831
41895
41927
4225








2113
48332
44138
29319
35623
37671
37671
35623
37671
37671
37671
37671
35623
37671
37671
37671
37671
37703
35623
35623
37703
37703
35623
37671
37671
37671
37671
37671
35623
35623
37703
39815
39815
39815
39847
39815
37703
56717
63056
39815
37735
25190








25255
50412
33576
35591
37639
37671
37671
37703
37671
37671
37671
37671
37671
37703
37671
37671
39783
46154
50378
52491
48266
44009
35591
37671
35623
37703
37671
37671
37703
35655
35623
37735
39815
37735
37671
39815
39783
48266
63056
54606
31431
31495
6338







39946
48299
27271
35623
37671
37671
37671
37703
37671
37671
37671
37671
37703
37671
37703
44041
58798
58797
60878
60910
60910
60943
56685
33544
35623
35623
37703
37671
37703
37703
37703
37671
35623
37671
37671
39783
39783
37671
63023
60911
31399
27271
18885






0
48364
39882
31399
35655
37671
37703
37703
37703
37703
37703
37703
37703
37671
37703
46153
58798
58830
58797
60877
60910
60910
60845
60910
58863
33543
35623
35655
37703
37703
37703
37703
37703
37703
37671
37703
39815
37703
37703
54539
65137
39815
37703
33543
32





14757
48331
33576
35591
37703
37703
37703
37703
37703
37703
37703
37703
37703
37703
39815
56718
58766
54571
44007
43974
43974
44006
48167
56716
60942
56717
29319
35655
37703
37703
37703
37703
37703
37703
37735
39815
39847
37703
37671
46122
63055
52458
41894
41895
21029





39947
50411
27271
37735
37703
37703
37703
37703
37703
37703
37703
37703
37703
37703
54604
58766
50379
39815
39847
41863
41895
41894
43974
43974
58765
60943
44107
31463
35655
37703
37703
37703
37703
37703
39783
39815
37703
37703
37703
41895
63056
63088
46086
46054
33607




2080
46252
44041
31431
37735
37703
37703
37703
37703
37703
37703
37703
37703
37703
39783
58797
56685
37703
37735
37735
37735
39783
39815
39815
41894
46055
60911
58767
27239
35655
37735
37703
37703
37703
37703
37703
37703
37703
37703
37703
37703
63023
63088
52425
50278
46120
32



6305
50443
35624
31463
35655
37703
37703
37703
37703
37703
37703
37703
37703
37703
52491
58798
41929
33543
35591
35623
35623
37671
37671
37703
35655
31462
33609
60943
33511
35623
37735
37703
37703
37703
37703
37703
37703
37703
37703
37703
37703
56717
63055
58797
58730
56586
21062



8450
50378
31464
35623
37735
37703
37703
37703
37703
37703
37703
37703
37703
39815
56749
58863
33479
31431
33479
33511
33511
33511
35591
33543
14724
0
4193
58863
56750
31399
37735
37703
37735
37703
37703
37703
37703
37703
37703
37703
37703
44008
65135
63088
63022
62958
52558
0


18917
50346
29351
37703
37735
37703
37735
37735
37735
37703
37703
37703
37703
41928
56685
48267
27239
27271
29351
29351
29351
31399
31431
27302
0


46285
60943
27271
37735
37703
37703
37735
37735
37703
37703
37703
37703
37703
37703
41928
63023
63088
63023
65071
60944
2145


35721
50380
29287
37735
37735
37735
37735
37735
37735
37735
37703
39751
39751
46120
56750
33544
25159
25191
25191
27239
27239
27271
27303
4257



21030
63023
33544
35623
39751
37735
37735
37735
37735
37735
37735
37735
37735
37735
41895
63055
65169
62990
65070
63023
8418

0
46252
48234
31399
37735
37735
37703
37735
37735
37735
37735
39783
39783
39751
50378
56749
33544
27271
25191
25159
25191
25191
25191
18950




12611
60943
35657
33575
37735
37735
37735
37735
37735
37735
37735
37735
37735
37735
39783
62990
65201
60910
62958
62990
12644

2113
48331
39848
33511
39783
37735
39783
39783
39783
39783
39783
39783
39783
39751
56684
56716
41927
39815
37703
35591
33511
29351
29319
14725




8418
63024
39849
33543
39783
39783
37735
39783
39783
39783
39783
39783
37735
37735
39783
60942
65169
58830
60876
62925
25255

8450
50379
33543
35623
39783
39783
39783
37735
37735
37735
39783
39783
39783
39783
56717
58797
46086
44006
44006
43974
41926
39846
39783
10498




2113
60976
50346
31463
39783
39783
39783
39783
39783
37735
37735
39783
39783
37735
37703
60877
63056
58829
58763
58764
44172

12644
48330
29351
35623
39783
39783
39783
39783
39783
39783
39783
39783
39783
39815
56685
60911
48166
48166
48134
48134
46086
46086
44038
32




0
58896
58798
31431
39783
39783
39783
39783
39783
39783
39783
39783
39783
37735
39783
56651
63056
58829
56651
58668
52556
0
16804
48298
27271
35623
39783
39783
39783
39783
39783
39783
39783
39783
39783
43975
56717
60910
52390
52358
52326
50246
50246
50246
46087






56816
62992
29351
37767
37735
39783
39783
39783
39783
39783
39783
39783
39783
39783
50279
63055
56749
54505
56555
54571
32
18917
48298
27271
37703
39783
39783
39783
39783
39783
39783
39783
39783
39783
46088
56717
60845
54471
54438
54438
54438
52358
52358
39846






48431
63024
27271
37767
39783
39783
39783
39783
39783
39783
39783
39783
39783
39783
43974
63055
56781
50311
52360
52457
4225
20997
48266
27271
39783
39783
39783
39783
39783
39783
39783
39783
39783
39783
46121
56717
54507
48134
48198
50246
50278
52358
52359
33574






42126
62992
29319
39815
39783
39783
39783
39783
39783
39783
39783
39783
39783
39783
41862
65136
54669
46119
48199
48231
8418
23110
46185
27271
39783
39783
39783
39782
39783
39783
39783
39783
39815
39783
48201
56717
48233
41894
41894
43974
44006
46054
48166
25189






35820
62991
29351
39815
39783
39783
39783
39783
39783
39783
39783
39782
39783
39815
39782
65136
50413
39783
41895
44007
10530
23142
46185
27271
39783
39814
39783
39782
39783
39783
39783
39815
39815
39815
48233
56717
44008
37703
37735
39783
39783
39815
43974
20964






27401
62991
29383
37735
39783
39783
39783
39783
39783
39783
39783
39782
39783
39815
41862
65104
50445
35559
33543
35623
10530
25222
46186
27271
39815
39814
39814
39815
39815
39815
39815
39815
39815
39814
48266
56750
39816
35591
35623
37703
37703
37703
39783
18851






23175
62991
31431
39783
39815
39815
39815
39815
39815
39815
39815
39782
39782
39782
39814
63056
50478
33511
33543
33543
10530
25222
46154
27271
39815
39815
41862
39815
39814
39814
39814
39815
39815
39814
50314
56750
39783
35591
35623
35623
35623
35623
37703
16739






16902
62959
31463
39815
41862
39814
41862
39814
39815
39814
39814
41862
39815
39814
41862
63023
50445
33543
33543
33543
12578
27303
46154
27271
39815
41862
41862
39815
41862
41862
41862
41862
39814
39814
50314
56750
41896
37703
37703
35655
35623
35623
35591
14691






14757
62991
31463
39815
41862
41862
39814
41862
41862
41862
41862
39814
41862
41862
41862
63023
50445
33543
33543
33511
12578
27303
46154
27271
41863
41862
41862
41862
41862
41862
41862
41862
41862
41862
50314
56750
41928
37703
37703
37703
37703
37703
37671
14691






12644
62991
31463
39815
41862
41862
41862
41862
41862
41862
41862
41862
41862
41862
41862
63023
50445
33543
33543
35559
12579
27303
46154
27271
41863
41862
41862
41862
41862
41862
41862
41862
41862
41862
50314
56750
41960
37735
39783
37735
37703
37703
35623
14691






12612
62991
31463
39815
41862
41862
41862
41862
41862
41862
41862
41862
41862
41862
41894
63023
50445
35623
35623
35591
12611
27303
46155
27271
41862
41862
41862
41862
41862
41862
41862
41862
41862
41862
50314
56750
44008
39815
39815
39783
39783
37735
37703
14691






12644
62991
31463
39815
41862
41862
41862
41862
41862
41862
41862
41862
41862
41862
41895
63055
52494
35623
35591
35591
12611
27335
46155
27271
41894
41862
41862
41862
41862
41894
41894
41862
41894
41862
50314
56750
44040
41862
41862
39815
39815
39783
37735
16771






12644
62991
31463
39815
41862
41862
41894
41894
41894
41894
41862
41862
41894
41862
41894
63055
52494
35655
37671
35591
12611
27335
46155
27271
41894
41894
41894
41894
41894
41894
41894
41894
41894
41862
50314
56750
44040
41894
41862
41895
41862
41862
39815
16771






12644
62991
31463
39847
41894
41894
41894
41894
41894
41894
41894
41894
41894
41862
41894
63055
52494
37703
37671
37671
12611
27335
46155
27271
41894
41894
41894
41894
41894
41894
41894
41894
41894
41862
50313
56750
44073
41894
43942
41894
41894
41894
41863
16771






12676
62991
31463
39847
41894
41894
41894
41894
41894
41894
41894
41894
41894
41894
41894
63055
52526
37703
37671
37671
12611
27335
46155
27271
41862
41894
41894
41894
41894
41894
41894
41894
41894
41862
50345
56750
46121
41926
43974
41926
41894
41894
41894
16803






12676
62991
31463
39847
41894
41894
41894
41894
41894
41894
41894
41894
41894
41894
41894
63055
52526
37735
39719
37703
12610
27335
46155
27271
41894
41894
41894
41894
41894
41894
41894
41894
41894
41894
50345
56750
46153
43974
43974
41926
43974
43974
41894
16803






14725
62991
31463
39847
41894
41894
41894
41894
41894
41894
41894
41894
41894
41894
41894
63054
52558
39815
39751
37703
12611
27335
46155
27271
41894
41894
41894
41894
41894
41894
41894
41894
41894
41894
50345
56750
46153
44006
43974
43974
43974
43974
43974
16803






14725
62991
31463
41895
41894
41894
41894
41894
41894
41894
41894
41894
41894
41894
41894
63054
52558
39815
39782
39783
14659
27335
46155
27271
41894
41894
41894
41894
41894
41894
41894
41894
41894
41894
50313
56750
46153
44006
44006
44006
43974
43974
43974
16803






14725
62991
31463
41895
41894
41894
41894
41894
41894
41894
41894
43942
43942
43942
43942
63054
52558
39815
41862
39783
14659
27335
46155
27271
41926
43942
41894
41894
41894
41894
41894
41894
41894
41894
50313
58798
46185
44038
44006
44006
43974
44006
43974
18851






14725
62991
31463
41895
41894
41894
41894
41894
41894
41894
41894
43942
43942
43942
43974
63054
52558
41894
41862
41862
14659
29383
46155
27271
41894
43942
43974
41894
41894
41894
41894
41894
43942
41926
50313
56749
46185
44038
44006
44006
43974
44006
44006
18851






14757
62991
31463
41895
41894
41894
41894
41894
41894
41894
41894
43942
43942
43942
43942
63054
52558
41894
41894
41862
14691
29415
46186
27271
41926
43974
43974
43974
43974
43974
43974
43974
43974
43942
50313
58766
48233
44006
46054
44006
46054
44006
44006
18883






14757
62991
31463
41927
43974
43942
43974
43974
43974
43974
43974
43974
43974
43974
43974
63055
54639
41926
41894
41894
14690
29415
46186
27271
41926
43974
43974
43974
43974
43974
43974
43974
43974
43974
50313
58798
48233
46086
46054
46054
46054
44006
44006
18883






14757
62991
31463
41927
43974
43974
43974
43974
43974
43974
43974
43974
43974
43974
43974
63055
54671
44006
43974
43974
14690
29415
46186
27271
41926
43974
43974
44006
43974
43974
43974
43974
43974
43974
50313
58798
48233
46086
46054
46054
46054
46054
46054
18883






14757
62991
31463
41927
43974
43974
43974
43974
43974
43974
43974
43974
43974
43974
44006
63055
54638
44006
43974
44006
16770
29415
46186
27271
43974
43974
43974
43974
43974
43974
43974
43974
43974
43974
50345
56750
48233
46086
46054
46054
46054
46054
46054
18883






14757
62991
31463
41927
43974
43974
43974
43974
43974
43974
43974
43974
43974
43974
46054
63055
54670
46086
46022
46054
16770
31495
46154
27271
43974
46055
44006
43974
43974
43974
44006
44006
43974
43974
50345
58798
48233
46086
46054
46054
46054
46054
46054
18883






14757
62991
31463
41927
44006
44006
43974
44006
44006
44006
44006
44006
44006
43974
44006
63055
54670
46086
46054
46054
16771
31560
46219
27271
43974
46087
43974
43974
44006
44006
44006
44006
44006
43974
50345
58798
48233
46086
46054
46054
46086
46054
46054
18883






14757
62991
31463
41927
43974
43974
43974
43974
44006
44006
44006
44006
44006
44006
44006
63023
54702
48166
46086
46086
16802
31560
48267
27271
43942
48167
43974
44006
44006
44006
44006
44006
44006
43974
50345
58798
48233
46086
46054
46054
46086
46054
46054
18883






14757
62991
31463
41927
44006
44006
44006
44006
44006
44006
44006
44006
44006
44006
43974
65103
54702
48166
48166
48134
16802
31528
48300
27303
43974
46119
43974
44006
44006
44006
44006
44006
43974
44006
50345
56718
48233
46086
46054
46054
46086
46054
46086
18883






16837
63023
31463
41927
43974
43974
43974
43974
43974
43974
43974
43974
43974
43974
46054
65103
56750
48198
48166
48166
16802
29448
48267
31431
44006
46119
43974
44006
43974
43974
43974
44006
46022
44006
50345
58766
48233
46086
46054
46054
46054
48102
44006
18883






16837
62991
31463
41927
46054
44006
44006
44006
46054
46054
46054
46054
46054
43974
46054
65071
56750
50246
50246
50246
18851
29416
46187
31463
46087
48199
46119
46119
46054
44006
46054
46054
46054
44006
50345
58766
48233
46086
46086
46086
46086
48134
46086
18883






18918
62991
31463
41927
46054
44006
44006
46054
46054
46054
46054
46054
46054
44006
46054
65071
56750
50246
50246
50246
16803
29448
46154
31431
46151
46151
46119
48199
48199
48166
46054
46054
46022
44006
50345
58766
46185
46118
46086
46086
46086
46054
46054
18883






21063
62991
31431
41927
46054
46054
46054
46054
46054
46054
46054
46054
46054
46022
43974
65071
56750
50246
50246
50214
16802
29448
46154
27271
46152
46119
44006
46054
48166
46086
46054
46054
46054
46054
50345
56718
46185
46086
46054
46086
46054
46054
46054
18915






23176
62991
31431
44007
46054
46054
46054
46054
46054
46054
46054
46054
46054
46022
43974
65071
56750
50246
48198
50246
16802
27335
46154
27239
46119
48199
46054
46054
46054
46054
46054
46054
46054
46054
50345
58766
48234
46086
46054
46054
46054
46054
46054
20995






27369
60942
31431
44007
46054
46054
46054
46054
46054
46054
46054
46054
46054
46054
46022
63055
56783
50246
48230
50246
16802
27303
46186
27239
44007
48167
48167
46054
46054
46054
46054
46054
46054
46054
50345
58766
50347
46054
46054
46054
46054
46054
44006
21028






31594
60974
31431
44006
46054
46054
46054
46054
46054
46054
46054
46054
46054
46054
46054
65103
54702
50246
48198
48198
14690
25222
46186
27271
44007
46086
46086
46054
46086
46086
46086
46086
46086
46054
50345
56718
50380
44038
46054
46054
46054
46054
44006
23108






39981
60974
31399
44006
46054
46054
46054
46054
46054
46054
46054
46054
46054
46054
46054
65103
54702
50246
48198
48198
12578
23110
48233
31431
46087
46054
46054
46054
46054
46054
46054
46054
46054
46086
50344
56717
52524
44006
44006
46054
43974
43974
41926
27269






46320
60974
29319
44070
46054
46054
46054
46054
46054
46054
46054
46054
46054
46054
46054
63056
56750
50214
50214
48198
8418
18949
48298
31463
44039
46086
48134
46086
46086
46086
46086
46086
46054
46086
50280
56717
56750
44006
43974
43974
43942
41894
41862
31494






50544
63055
29319
46118
46054
46086
46086
46086
46086
46086
46086
46086
46086
46054
48166
63089
56750
50214
48166
48198
4225
16869
48331
31463
41927
46086
48134
46086
46086
46086
46086
46086
46086
46086
48199
56717
60944
43974
43942
41894
41862
41862
39783
35655






56785
61007
31399
46086
46086
46086
46086
46086
46086
46086
46086
46086
46086
46086
52424
60976
54637
48166
48166
48199
32
14757
50412
31431
41895
46086
48134
46086
46086
46086
46086
46086
46086
46086
48167
58765
60977
41895
41862
39783
39783
37703
37703
33575
32




32
58864
58862
31463
46086
46086
46086
46086
46086
46086
46086
46086
48134
48134
48166
56683
61008
52524
48166
48166
46087
0
10531
50380
31463
41895
46086
48134
46086
46086
46086
46086
46086
46086
46086
46086
58765
58831
37735
37735
37703
37671
35591
35591
31463
6338




2145
60944
52491
35623
46086
46086
48134
46086
46086
46086
46086
46086
46086
46086
46086
60910
63121
48298
48166
48166
37735

4225
48332
39816
39783
46086
46086
46086
48134
48134
48134
48134
48134
48134
46086
56684
56718
37735
35623
35591
33543
31463
31431
29351
14724




8418
60943
41993
35655
48134
48134
48134
48134
48134
48134
48134
48134
46086
48134
48166
63054
63122
46183
48166
48134
20996

32
46252
46154
35591
46086
48166
48166
48134
48134
48134
48134
48134
48166
48134
54538
56718
37736
33511
31431
29351
27271
27239
25191
20998




12644
60943
35689
39815
48134
48134
48134
48134
48134
48134
48134
48134
48134
48134
48134
63022
65202
44071
46086
46086
10466


41994
50379
29351
46087
48166
48166
48134
48134
48134
48134
48134
48166
48166
52392
58797
37704
29319
27271
25191
25191
25159
25191
25191
2145



27368
60943
33544
41927
48134
48134
48134
48134
48134
48134
48134
48134
48166
48134
48166
65135
63057
44039
44006
39847
4225


25223
50347
29351
46119
48166
48166
48166
48166
48166
48166
48166
48166
48166
50311
58765
48268
25191
25191
25191
25191
27271
29319
29351
25158
0


52592
60943
31431
46087
48166
48166
48166
48166
48166
48166
48166
48166
48166
48166
50247
63055
54637
39847
35655
29351
2080


10499
50379
31464
44007
48166
48166
48166
48166
48166
48166
48166
48166
48166
48166
58765
58864
27239
27239
27271
29319
29351
31399
33479
31431
8450
0
4226
60912
60944
31431
48166
48166
48166
48166
48166
48166
48166
48166
48166
48166
48166
52359
63088
44107
29351
27271
23111
0


6338
50347
33576
37735
48166
48134
48166
48166
48166
48166
48166
48166
48166
48166
56651
56750
35754
29319
31399
31399
31431
33511
33543
35623
35623
20965
27368
63024
39816
41928
48166
48166
48166
48166
48166
48166
48166
48166
48166
48166
48166
58731
63089
35722
27271
29319
12644



2112
48299
41993
35623
48166
48166
48166
48166
48166
48166
48166
48166
48166
48166
48231
58797
52558
31463
33511
33511
35591
35623
37671
37703
37735
39815
58863
58830
29319
46087
48166
48166
48166
48166
48166
48166
48166
48166
48166
48198
48166
63023
61042
31496
31399
31431
2080



0
42059
50411
29351
48167
50214
48198
48198
48198
48198
48198
48198
48198
48198
48198
58732
58798
48234
33543
37671
37671
37703
37735
39815
41894
54570
60942
52492
33543
50246
48166
48198
48198
48198
48198
48198
48198
48198
48198
48198
50278
65104
63155
31463
33511
27270





18982
50411
31495
46087
50246
48198
48198
48198
48198
48198
48198
48198
48166
48198
50279
58765
58798
50378
39783
39783
39815
41894
44007
52491
60942
58830
29351
46120
48166
48198
48198
48198
48198
48198
48198
48198
48198
48198
48198
52424
65136
52590
35623
37703
20997





32
48298
37801
35623
48198
48198
48198
48198
48198
48198
48198
48198
48198
48198
50246
54538
58797
58830
58830
58797
54571
58765
62991
60910
58863
39914
41895
50246
48198
48198
48198
48198
48198
48198
48198
48198
48198
48198
48198
56650
65169
39848
37735
39783
2112






42026
46218
29383
48198
48198
48198
48198
48198
48198
48198
48198
48198
48198
48198
48198
52457
60877
60877
60877
60910
60910
60942
60910
39849
41895
48166
50246
48198
48198
48198
48198
48198
48198
48198
48198
48198
48198
50246
62990
60943
39847
43974
27269







27367
50411
33511
46087
50246
50246
50246
50246
50246
50246
50246
50246
50246
50246
48198
48198
50311
54569
58763
58796
56651
50314
43975
46087
48199
50246
50246
50246
50246
50246
48198
48198
50246
50246
48198
48198
50246
52457
63023
60944
43974
44007
8450







4193
48363
46154
33479
48198
50246
50246
50246
50246
50246
50246
50246
50246
50278
48198
50246
50246
50246
50246
50246
50246
48198
48198
50278
50278
50246
50246
50246
50246
50246
50246
50246
50246
50246
50246
50246
50246
58796
63056
50377
46054
31462









33705
50412
29319
46118
48198
50278
50246
50246
50246
50246
50246
50246
50246
50246
50246
50246
50246
50246
50246
50246
50246
50246
50246
50246
50246
50246
50246
50246
50246
50246
50246
50246
50246
50246
50246
48198
63023
60944
41927
41895
6305









18950
52492
48267
35655
48198
50278
50278
48198
48198
48198
48198
50246
50246
50246
50246
50246
50246
50246
50246
50246
50246
50246
50246
50246
50246
50246
50246
50246
50246
50246
50246
50246
50246
50246
50246
58764
63055
56685
44038
14724










32
44172
52491
29351
44039
48198
50246
50278
50278
50278
50246
50278
50278
50278
50246
50246
50246
50246
50246
50246
50246
50246
50246
50246
50246
50246
50278
50246
50246
50246
50246
50278
50246
50246
50246
63023
63087
46087
31494
0











14724
50445
48266
35623
48231
50246
50278
50278
50278
50278
50278
50278
50278
50278
50278
50278
50278
50278
50278
50278
50278
50278
50278
50278
50278
50278
50278
50278
50278
50278
50278
50278
50278
60812
63023
54572
35687
32












0
44206
52460
39817
39815
50247
50278
50278
50278
50278
50278
50278
50278
50278
50278
50278
50278
50278
50278
50278
50278
50278
50278
50278
50278
50278
50278
50278
50278
50278
50278
50278
54472
65071
63024
41993
6338














4225
52493
52524
35591
48167
50278
50278
50310
50278
50278
50278
50278
50277
50277
50277
50277
50277
50277
50277
50277
50277
50277
50278
50278
50278
50278
50278
50278
50278
50278
50310
63021
63056
48331
10531















0
31594
52525
52428
31399
48232
50278
50278
50278
50278
50278
50278
50310
50309
50309
50309
50309
50309
50309
50309
50309
50309
50277
52326
50278
50278
50278
52325
52358
52326
60844
63023
58897
14692


















44108
54573
50380
33479
48231
50278
52326
52326
52358
50278
50309
52357
52357
52357
52357
52357
52357
52357
52357
52357
52357
52358
52326
52326
52326
52326
50278
60811
63023
60976
20997



















6306
48364
54604
52492
35591
48199
50279
52358
52357
52357
52358
52358
52357
52358
52358
52358
52358
52357
52357
52358
52357
52358
52358
52326
52358
50310
60843
63023
60944
29448





















10531
54637
56685
56717
35591
46087
50279
50278
50310
50310
52357
52358
52358
52358
52358
52358
52358
52358
52357
52357
52358
50310
50310
52359
62957
62990
61008
29448























10498
54605
56717
56685
50314
37671
48199
50311
50310
50310
52326
52358
52358
52358
52358
52358
52358
52358
52358
52358
50278
56618
62990
65071
63024
23110
0
























6337
44107
56718
56717
56685
48234
44039
44006
50279
50310
52358
52358
52358
52358
52358
52358
50278
52391
56617
60876
62990
63024
56751
14692



























0
27335
52492
58798
58798
58797
58764
52425
48232
52392
52391
54472
54504
56585
58698
60876
62989
62990
62990
60944
41994
32






























32
29448
52558
58799
58798
58798
60910
60877
60909
60909
60909
60909
62990
62990
60943
58831
48365
6305


































2080
8386
23143
48366
56751
58832
58864
58864
58863
58896
56784
42060
12643
4225
0







































0
2145
6306
6338
6338
2145
0























