



























32
23176
2113












































32
6338
27369
58931
58929
27303
32









































2112
31627
52656
58896
60943
63023
63055
37671
23109






































2113
33707
46286
58864
60943
60942
62990
60878
58765
60975
37703
33543
20965


































8419
25256
44205
56815
58863
58863
60911
58797
48299
41928
33511
50314
60942
37703
35591
33543
20997
0




























0
6338
14757
44238
56719
58767
58829
58829
56717
52460
39783
33511
35591
35591
35559
52426
62990
37703
35591
35591
33543
21030
32

























0
14757
48463
52591
56750
56716
56780
56749
52493
35527
33479
35591
35591
35591
35591
35591
35591
50378
62991
37735
35623
35591
35591
33543
8418






















2145
27401
40012
50478
52525
54636
56684
56717
46120
37768
33575
35591
35591
35623
35591
35591
35591
35591
35591
35591
50346
62991
37735
35623
35591
35591
35591
10466



















8451
25288
35819
50445
52492
52491
54604
52523
46153
39816
35591
35591
35591
35591
35591
35623
35623
35591
35591
35591
35591
35591
35591
52394
63023
37735
35623
35623
35623
35623
10466



















29448
46283
48397
50443
50378
46186
39815
33479
35591
35591
35591
35623
35591
35591
35591
35591
35591
35591
35591
35591
35591
35591
35623
52426
63023
39783
35623
35623
35623
35591
10466



















35689
50411
44106
35623
33511
35623
35591
35591
35591
35591
35623
35591
35591
35591
35591
35591
35591
35591
35591
35591
35591
35591
35623
52426
63023
39783
35623
35623
35623
35591
10466



















35753
48298
29351
35623
35591
35591
35591
35591
35591
35623
35591
35591
35623
35623
35623
35623
35623
35623
35623
35623
35623
35591
35623
52426
63023
39783
35623
35623
35623
37671
10498



















35753
48298
29351
35623
35623
35591
35623
35623
35623
35623
35591
35591
35591
35591
35591
35591
35591
35591
35591
35591
35591
35623
35623
52426
63023
37735
37671
35623
35623
37671
10498



















35754
48298
29351
35623
35623
35623
35623
35623
35623
35591
35623
35591
35591
35591
35591
35591
35591
35591
35591
35591
35591
35623
35623
52426
63023
37767
37671
37671
37671
37671
10498



















35753
48299
29319
35623
35623
35623
35623
35623
35623
35623
35623
35623
35623
35623
35623
35623
35623
35623
35623
35623
35623
37671
35623
52426
63023
39815
37671
37703
37703
37671
10498



















35721
48299
29351
35623
35623
35623
35623
35623
35623
37671
35623
37671
37671
37671
37671
37671
37671
37671
37671
37671
37671
37671
35623
52426
60975
39815
37671
37671
37671
37703
10498



















35721
48267
29351
35623
37671
37671
37671
37671
37671
37671
35655
37703
37671
35655
37703
37703
37703
37703
37703
37703
35655
37671
37703
52426
60975
39815
37703
37703
37703
37703
10498



















35721
48299
29351
37671
37671
37671
37671
37671
37671
37671
37703
37703
37671
37703
37703
37703
37703
37703
37703
37703
37703
37671
37703
52426
63023
39815
37703
37703
37703
37703
10498



















35721
48267
29351
37671
37671
37703
37671
37671
37671
37671
37703
37703
37671
37671
37671
37671
37671
37671
37671
37671
37671
37671
37703
50378
63023
39815
37703
37703
37703
37703
10498



















35721
48267
29351
37671
37671
37671
37671
37703
37703
37703
37703
37703
37703
37671
37671
37671
37671
37671
37671
37671
37671
37671
37703
52458
60976
39847
37703
37703
37703
37703
10498



















35721
48299
29351
37671
37671
37703
37703
37703
37703
37735
39783
37767
35623
37703
37703
37703
37703
37703
37703
37703
37703
37703
37703
52458
63024
39847
37703
37703
37703
37703
10498



















37833
50378
48299
52459
52459
52491
54572
54604
56684
56717
56685
50378
31431
37703
37703
37703
37703
37703
37703
37703
37703
37703
37703
52458
60976
39847
37703
37703
37735
37735
10498



















35753
48330
50379
52427
52491
52524
52556
54604
54637
56685
56685
50411
31463
37703
37703
37703
37703
37703
37703
37703
37703
37703
37703
52458
60976
39847
37703
37703
37735
37735
10498



















18918
41961
44041
46121
44041
41896
37671
35591
33511
33479
56686
50412
31463
37703
37703
37703
37703
37703
37703
37703
37703
37703
37703
52458
60944
39847
37703
37703
37703
39783
10498




















32
4193
18948
33575
33543
31431
31431
29351
29319
56685
50411
31463
37703
37703
37703
37703
37703
37703
37703
37703
37703
37703
52458
60944
39847
39751
37735
37735
39751
10498























32
10498
18884
31463
31463
31431
56717
50411
31463
37703
39751
37703
37703
37703
37703
37703
37735
37703
37735
52458
60944
39879
39751
37735
37735
39751
10498


























0
8450
12643
54670
50411
31463
37703
39751
37735
37735
37735
37735
37735
37735
37703
37735
52458
60944
41927
39783
39783
39783
39783
10498





























54671
50379
31463
37703
39751
37735
37735
37735
37735
39783
39783
37703
37735
52458
60976
41928
39783
39783
39783
39783
10498





























54671
52460
33511
39783
39751
37735
37735
37735
37735
37735
39783
39783
37735
52458
60976
41928
39783
39783
39783
39783
10498





























54638
50412
33511
39783
39783
39783
39783
39783
39783
37735
37735
39783
37735
52458
60976
41928
39783
39783
39783
39783
10498





























54671
50412
33511
39783
39783
39783
39783
39783
39783
39783
39783
39783
39783
52458
60944
41928
39783
39783
39783
39783
10498





























54670
50380
33511
39783
39783
39783
39783
39783
39783
39783
39783
39783
39783
52490
60976
41928
39783
39783
39783
39783
10498





























54670
50380
33511
39783
39783
39783
39783
39783
39783
39783
39783
39783
39815
52458
60976
41960
39815
39815
39815
39782
10498





























54670
50380
33543
39815
39783
39783
39783
39783
39783
39783
39783
39783
39815
52458
60976
41960
39814
39815
39815
41862
10530





























54670
50380
33543
39815
39783
39815
39783
39783
39783
39783
39783
39783
39815
52458
60976
41960
41862
41862
41862
41862
10498





























54670
50380
33543
39815
39815
39783
39815
39783
39783
39783
39783
39783
39815
52458
60976
41960
41862
41862
41862
41862
10498





























54670
50411
33543
39815
39815
39815
39815
39815
39815
39815
39815
39815
39815
52458
60977
41960
41862
41862
41862
41862
10498





























54670
50411
33543
39815
39815
39815
39815
39815
39815
39815
39815
39815
39814
52458
60977
41992
41862
41862
41894
41862
10498





























54671
50411
33543
41863
39814
39815
39815
39815
39815
39815
39815
41862
41863
52458
60977
41992
41862
41862
41862
41862
10498





























54671
50411
33543
41863
41862
41862
41862
41862
41862
41862
41863
41862
41862
52458
60977
44040
41862
41862
41862
41862
12546





























54670
50411
33543
41862
41862
41862
41862
41862
41862
41862
41862
39815
41862
54538
60976
44040
41894
41894
41862
41862
12578





























54671
50411
33543
41895
41862
41862
41862
41862
41862
41862
41862
41862
41862
52490
58928
44040
41894
41894
41894
41862
12578





























54639
50411
33543
41862
41862
41862
41894
41862
41862
41862
41862
41894
41894
52490
58928
44040
41894
41894
41894
43942
12578





























54639
50411
33543
41894
41894
41894
41894
41894
41894
41894
41894
41862
41894
54538
58928
44040
41894
41894
41894
41894
12578





























54639
50411
33543
41894
41894
41894
41894
41894
41894
41894
41894
41894
41862
54538
58928
44040
41894
41894
41894
41894
12578





























54639
50411
33543
41894
41894
41894
41894
41894
41894
41894
41894
41894
41862
54538
58928
44040
41926
41926
43974
43942
12578





























54671
50411
33543
41894
41894
41894
41894
41894
41894
41894
41894
41894
41894
54538
58929
44072
41926
43974
43974
43942
12578





























54671
50411
33543
41894
41894
41894
41894
41894
41894
41894
41894
41894
41894
54538
61009
44072
43974
43974
43974
43974
12578





























54671
50411
33543
41894
41894
41894
41894
41894
41894
41894
41894
41894
41894
54538
61009
44072
43974
43974
43974
43974
12578





























54671
50411
33543
41926
41894
41894
41894
41894
41894
41894
41894
41894
41894
54538
61009
44072
43974
43974
43974
43942
12578





























54671
50411
33543
41926
41894
41894
41894
41894
41894
41894
41894
41894
41926
54538
61009
46120
43974
43974
43974
43974
12578





























54639
50411
33575
41926
41926
43974
43974
43974
43974
43974
43974
43974
43974
54538
61009
46119
43974
43974
43974
43974
12578





























54639
50411
35623
41926
43974
43974
43974
43974
43974
43974
43974
43974
43974
54538
61009
46120
43974
43974
44006
43974
12578





























54671
50411
35623
43974
43974
43974
43974
43974
43974
43974
43974
43974
43974
54538
61009
46120
43974
43974
44006
43974
12578





























54671
50411
33575
43974
43974
43974
43974
43974
43974
43974
43974
43974
43974
54538
61009
46120
43974
43974
44006
43974
12578





























54671
50411
35623
41926
43974
43974
44006
44006
44006
43974
43974
43974
43974
54538
61009
46120
44006
46054
44006
46054
12578





























54671
50411
35623
43974
44006
43974
43974
43974
43974
44006
43974
43974
43974
54538
61009
46120
44006
46054
44006
44006
12578





























54671
50379
35623
43974
44006
43974
43974
44006
44006
44006
44006
43974
43974
54538
61009
46152
46054
46054
44006
44006
12578





























54671
50379
35623
44006
44006
43974
44006
44006
44006
44006
44006
43974
44006
54538
61009
46152
46054
46054
46054
46054
12578





























54671
50379
35623
44006
44006
43974
43974
43974
43974
43974
43974
43974
44006
54538
61008
46151
46054
46054
46054
46054
12578





























54671
50379
35623
44006
44006
43974
44006
44006
44006
44006
44006
44006
44006
54570
60976
46152
46086
46054
46054
46054
12578





























54671
50379
35623
44006
46054
46054
46054
46054
46054
46054
46054
44006
44006
54570
60976
48200
46054
46054
46054
46054
12578





























54671
50379
35623
44006
46086
46054
46054
46054
46054
46054
46054
46054
46054
54570
60976
48200
46086
46086
46086
46054
12578





























54671
50379
35623
44006
46054
46054
46054
46054
46054
46054
46054
46054
46054
54570
60944
48200
46086
46086
46086
46054
12610





























54671
50379
35655
46054
46054
46054
46054
46054
46054
46054
46054
46054
46086
56651
60976
48200
46086
46086
46086
46054
12610





























54671
50379
35623
46086
46054
46054
46054
46054
46054
46054
46054
46054
46086
54570
60976
48200
46086
48134
46086
48134
12610





























54671
50379
35623
46086
46054
46086
46054
46054
46054
46054
46054
46054
48134
56618
61008
48200
46086
48134
48134
48134
12610





























54671
50379
35623
46054
46054
46086
46086
46086
46086
46086
46086
46054
46086
56618
60976
48232
46086
46086
46086
48134
12610





























54671
50379
35623
46086
46086
46086
46086
46086
46086
46086
46086
46086
48134
56619
60944
50312
48166
48166
46118
48166
12610





























54671
50379
35655
46086
46086
46086
46086
48134
48134
46086
46086
48134
48134
56619
60976
50312
48166
48166
48166
48166
12610





























54671
50411
35655
46086
48134
46086
46086
48134
48134
46086
46086
48134
48134
56651
61008
48264
48166
48166
48166
48166
12610




























0
54671
50411
35655
46086
48134
48134
48134
48134
48134
48134
48134
48134
48166
56683
60975
48231
48166
48166
48166
48166
12610





























54671
50411
35655
48134
48134
46086
46086
48134
48134
48134
48134
48134
48134
56651
62991
50279
48198
48198
48198
48166
12610





























54671
50379
35655
48134
48134
48166
48134
48134
48134
48134
48134
48134
48166
56651
62991
50279
48198
48198
48198
50246
12610





























54671
50379
37703
48166
48166
48166
48166
48166
48166
48166
48166
48166
48166
56651
63023
50279
48198
48198
48198
50246
12611




























0
54671
50379
35655
48166
48166
48166
48166
48166
48166
48166
48166
48166
48166
56651
63023
50311
48198
48198
48198
50246
14659




























0
54671
50380
35655
48166
48166
48166
48166
48166
48166
48166
48166
48166
48166
56651
63023
50279
50246
50246
48198
50246
12610




























0
54671
50412
35655
48166
48166
48198
48166
48166
48166
48166
48166
48198
48166
56650
63023
50279
50246
50246
48198
48198
35720
6306

























4193
16869
27336
54669
50412
37703
48198
48166
48198
48198
48198
48198
48198
48198
48198
48166
56650
63023
50311
50246
50246
52359
58699
58798
56783
52622
35786
25255
18950
4258
0
















0
6370
27401
46219
46185
44105
56716
50411
37703
48198
48166
48198
48198
48198
48198
48198
48198
48198
48166
56650
63022
50343
50278
52424
56651
58732
58765
58797
58797
58830
60878
60879
58864
58897
46352
14757













4226
40012
46219
46153
46152
46120
46152
54636
50411
37703
48166
50246
48198
48198
48198
48198
48198
48198
48198
48166
56650
65103
52393
54506
54539
54571
54604
56684
56685
58765
58798
60845
60876
60909
60845
56685
18884










32
27433
39980
48332
50379
50411
54572
54572
54637
56717
58765
48299
37735
48198
50246
48198
48198
48198
48198
48198
48198
48198
48198
56651
62991
60878
58797
56684
54571
54570
54603
56684
56684
56716
58796
56749
58829
50378
37639
18884










23175
48331
48363
52459
54539
52491
54572
56684
54636
56684
56652
48233
39815
50246
50246
48198
48198
48198
48198
48198
48198
48198
50246
56650
62991
62991
65103
63055
63023
63023
60878
58797
56684
56684
56684
56717
48266
37703
37671
18884










27368
50378
48331
50313
52393
52426
52426
48199
46086
46054
48167
48231
50279
50246
50246
50246
48230
48230
50246
50246
50246
48230
48198
52424
58699
60844
62990
63022
63023
63023
63023
65103
65103
65103
62991
50314
37735
37703
37671
18916










27368
48234
31431
46087
48198
50279
50312
48198
48166
50246
50246
50278
50246
50246
50278
50246
48198
48198
48230
48230
48230
50246
50246
50246
50246
50246
48166
50278
54504
60812
63022
65103
65071
65103
63024
50347
39783
37735
37671
18916










27400
48299
31431
48199
50246
50311
50279
50246
50246
50246
50246
50246
50246
50246
50246
50246
50246
50278
50278
50278
50278
50278
50278
50246
50246
50246
50246
50246
50246
50246
50278
50247
52359
54537
65103
50379
39815
39783
39750
18916










27368
48299
31463
50311
48198
50311
52327
50246
50278
50278
50278
50246
50246
50246
50246
50246
50278
50278
50278
50278
50278
50246
50246
50246
50246
50246
50246
50246
50278
50246
50246
50278
50278
48198
65103
50379
39815
39783
39782
20964










29416
48267
29351
52392
50278
50311
50279
50278
50278
50278
50278
50278
50278
50278
50246
50278
50278
50278
50278
50278
50246
50246
50246
50246
50278
50278
50246
50246
50278
50278
50278
50278
50246
48198
65103
50379
41862
39814
41830
20996










29416
48266
29319
52392
50311
50311
52359
50278
50278
50310
50310
50278
50278
50278
50278
50278
50278
50278
50278
50278
50278
50278
50278
50278
50278
50278
50278
50278
50278
50278
50278
50278
52326
50278
65135
50411
41894
41894
41862
23045










29416
46218
29319
50312
52392
50312
52392
52359
50278
50278
50278
50278
50278
50278
50278
50278
50278
50278
50278
50278
50278
50278
50278
50278
50278
50278
50278
50278
50278
50278
50278
50278
50278
50278
65103
50443
41894
41894
41894
23077










29449
50380
31431
50279
52392
52392
52392
52392
52391
52391
52358
50310
50278
52326
52326
52326
52326
52326
52326
52326
52326
52326
52326
52326
52326
52326
52326
52326
52326
52326
52326
50278
50278
50278
65135
50443
43974
43942
43942
23077










31529
50413
33479
50311
52358
52424
52392
50279
50310
52358
50278
50310
50278
52326
52326
52326
52326
52326
52326
52326
52326
52326
52326
52326
52326
52326
52326
52326
52326
52326
52326
50278
50278
50278
65103
52524
43974
43974
43974
23077










31561
48266
29319
50310
52326
52391
52392
50279
52358
50310
52358
50310
50278
52326
52326
52326
52326
52326
52326
52326
52326
52326
52326
52326
52326
52326
52326
52326
52326
52326
52326
52358
50278
50278
65103
52524
44006
43974
43974
23076










31561
48298
29319
52326
52325
50278
52392
52391
52357
52357
52326
52358
52357
52357
52390
50310
52357
52357
52358
52358
52358
52358
52358
52358
52358
52326
52326
52326
52358
52358
50278
52358
52358
50310
63056
52524
46054
46054
44006
16803










35722
48298
29351
50279
50311
50311
50311
52424
50310
50310
50278
50278
52358
50278
52326
52358
52358
52326
52326
52358
52358
52358
52358
52358
52358
52358
52358
52358
52358
52358
52358
52358
52326
50278
65103
52524
48134
46086
39911
2080










35722
50411
48330
52426
52458
54540
52459
52427
52458
54505
54505
54472
54472
54504
54472
54472
52424
52391
52359
50311
50311
50278
50278
50278
50310
50310
50310
50310
50310
50310
50310
50310
52358
48230
65136
52523
46118
43975
2144











31561
52494
48364
50412
52524
54637
54573
54604
54636
56684
56684
58765
58765
58797
60877
60877
60877
60909
62958
62958
62990
60910
60909
60877
60844
58763
58731
56650
56618
56617
56617
54537
54537
52424
65136
54571
46119
18884












32
2112
4225
8419
14725
25255
35754
39979
46253
48365
50478
52558
54638
54638
56718
58798
58830
58830
60878
60910
60942
60943
62991
63023
65071
63022
65071
65071
65071
65071
63023
65071
65071
65102
65167
54571
31430






















0
0
32
2112
2145
4193
4225
6338
8418
8418
8450
10531
16836
25222
31561
39979
44172
50446
54671
58864
60944
60976
61008
63057
63057
61040
37866
32










































0
0
32
2113
4258
10531
2113









