


















32
2145
8419
10532
10531
4258
2113
0






































0
6306
14789
40013
52592
54671
56751
56751
56783
56815
56815
52656
35787
12644
4258
0

































12677
46286
52558
54637
56685
56717
58765
58765
60845
58797
58829
60877
60878
60910
58863
56783
48464
6370






























16837
40012
52557
54637
54604
54603
48265
41929
41897
39816
39816
41896
41929
43977
48201
54571
60911
60911
60943
58928
40013
2145


























2113
29416
50444
52524
52524
46154
37735
33543
35559
35591
35591
35591
35591
35591
35591
35591
35591
35591
37671
46122
54603
60910
62960
56784
21063
0























4226
44141
50412
50444
46154
31431
33511
35591
35591
35591
35591
35591
35591
35591
35591
35591
35591
35591
35591
35591
35591
35591
41896
58734
62991
60943
27401
32





















32
46286
50380
52492
33511
33511
35591
35623
35591
35591
35591
35591
35591
35591
35591
35591
35591
35591
35591
35591
35591
35591
35591
35591
35623
48233
63055
61008
35819




















0
42059
50346
48265
31431
35591
35591
35591
35591
35591
35591
35591
35591
35591
35591
35591
35591
35591
35591
35591
35591
35591
35591
35591
35591
35591
35559
44008
63023
61008
40012


















32
37835
48299
46153
31431
35591
35591
35591
35591
35591
35591
35591
35591
35591
35591
35591
35591
35591
35591
35591
35591
35591
35591
35591
35591
35591
35591
35591
35623
44073
60975
63056
35819
32
















21030
46220
46186
31431
35591
35591
35623
35591
35591
35623
35623
35591
35591
35591
35591
35591
35591
35591
35591
35591
35591
35591
35591
35591
35623
35591
35591
35623
35623
35591
48266
63023
60976
29480
32














8418
48267
46186
31463
33543
35591
35623
35591
35623
35623
35623
35623
35591
35591
35591
35591
35591
35591
35591
35591
35591
35591
35591
35591
35591
35591
35591
35591
35591
35591
35591
35591
52491
63023
60943
27303
0













33673
48267
33544
31463
35623
35623
35591
35591
35623
35623
35623
35623
35623
35591
35591
35591
35591
35591
35591
35591
35591
35591
35591
35591
35591
35591
35591
35591
35591
35623
35623
35591
39783
65136
63056
50378
25222












14724
44138
41993
31399
35623
35623
35591
35623
35623
35623
37671
37671
37671
35623
35623
35623
35623
35623
35623
35623
35623
35623
35623
35623
35623
35623
35623
35623
35623
35623
35623
35623
35623
35591
44008
63055
60877
44007
14755










0
35721
44105
27271
35591
35623
35623
35591
35591
35591
35591
35591
35591
35591
35591
35623
35623
35623
37671
37671
37671
37671
35623
35623
35623
35623
35623
35623
35623
35623
35623
35623
35623
35623
37671
37671
60878
63024
46217
37799
2113









14757
46155
39849
31431
35623
35623
35623
35623
35591
35591
35591
35591
35591
35591
35591
35623
35623
37671
37671
37671
37671
35623
35623
35623
35623
35623
35623
35623
35623
35623
35623
35623
35623
35623
37671
37671
46088
63024
52525
33575
31528
0








35656
44074
29319
35623
37671
37671
35623
35591
35623
35591
35623
35623
35591
35591
35623
35623
35623
35655
35623
35655
37703
35623
35623
35623
37671
37671
35623
37671
37671
37671
37671
37671
37671
37671
37671
37703
35623
58798
63024
31399
27271
8386







2145
42026
37736
31399
37671
37671
37671
35623
35623
35591
37735
39815
37767
35623
35623
35623
35623
37703
35623
37671
35623
37671
35623
37671
37671
37671
37671
37671
37671
37671
37671
37671
37671
37671
37671
37671
37671
37671
52460
63055
50380
35623
29351
32






29417
44074
31431
35591
37703
37671
37671
37671
35623
35623
39815
37735
37703
35623
35623
35623
37671
44041
50346
50346
50346
46186
39783
35591
37671
37671
37703
37671
37671
37671
37671
37671
37671
37671
37671
37671
37671
37703
41927
63055
60976
43974
39783
14723





2080
39882
41961
29351
35655
37703
37703
37671
37671
35623
35623
39815
35623
35623
35623
35591
41896
54539
56717
56717
56717
58797
58797
58830
46186
33543
35623
35655
37671
37671
37703
37671
37671
37671
37671
37671
37671
37671
37671
37671
60942
63023
48264
46054
33639
0




6305
44009
31464
31463
35623
37671
37703
37671
37671
35623
35623
37767
35623
35623
37671
41895
54572
56685
56717
54669
56718
54637
58798
58798
58798
50379
29351
35655
37703
37703
37703
37703
37703
37703
37703
37703
37703
37703
37703
37671
50378
63055
56717
54473
48232
8451




16804
44041
29351
35623
37703
37703
37703
37703
37671
35623
35623
35623
35623
35623
41895
52492
52492
50379
37704
35591
33511
33511
35591
41897
58766
60878
41994
31431
35655
37703
37703
37703
37703
37703
37703
37703
37703
37703
37703
37703
46154
63056
63056
62958
58763
35752




35689
41961
29319
37703
37703
37703
37703
37703
37671
35623
35623
35623
35623
37703
52524
52492
46187
33511
33479
31431
31431
31431
31431
31431
37736
58830
56750
29351
35655
37703
37703
37703
37703
37703
37703
37703
37703
37703
37703
37671
44008
63024
65201
63023
65070
52589



2113
41962
37736
33511
37703
37703
37703
37703
37703
37703
37671
35623
35623
37735
44008
54638
52557
33479
29351
29351
31399
29351
29351
29351
29351
31431
44139
58895
48266
31463
37703
37703
37703
37703
37703
37703
37703
37703
37703
37703
37735
39783
65104
65201
62991
65071
60975
32


8450
41994
29383
35591
39751
37703
37703
37703
37703
37703
37671
37671
37671
37735
48298
52590
33576
29319
29319
29319
29319
29319
27271
27271
27271
23110
6338
52590
56717
27239
37703
37703
37703
37703
37703
37703
37703
37703
37703
37703
37703
37703
65136
65136
60910
62958
60942
12676


12611
41928
25191
37671
37703
37703
37703
37703
37703
37703
37671
37671
37703
37703
52492
50477
27271
27239
27239
27271
27239
27239
27271
27271
16805
0

27368
58830
27239
35655
37703
37703
37703
37703
37703
37703
37703
37703
37703
37703
37703
60910
65104
56717
60813
60877
37867


16804
41928
25191
37703
37703
37703
37703
37703
37703
37703
37703
37703
37703
41895
50411
48398
25191
25159
25191
25191
25191
25191
25191
18918



12644
58863
35623
33543
37703
37703
37703
37703
37703
37703
37703
37703
37703
37703
37703
56652
63023
54636
56651
58699
52526
0

20997
39816
27271
37703
37703
37703
37703
37703
37735
37735
37703
37735
37735
46121
52525
31464
23143
23111
23143
25159
25191
25159
25191
6338



2113
58894
50379
33511
37703
37735
37735
37735
37735
37703
37703
37703
39751
37735
37735
52426
63024
52524
52424
54538
50444
32

25190
39848
29319
37703
37735
37735
37735
37735
37735
37735
37735
37735
37703
48233
54638
25159
25191
25191
25191
27239
27271
27271
23078





56814
58831
31399
37703
37735
37735
37735
37735
37735
37735
37735
39751
37735
37735
48232
63056
50379
48199
50311
48266
2112

29383
39848
31431
37735
37735
37735
37735
37735
39783
39783
37735
37735
39783
50379
50445
29351
29351
31399
31431
31431
31431
33479
14691





52590
60944
29319
39783
37735
37735
39783
37735
37735
37735
37735
39783
37703
39783
46152
63056
41994
39782
46086
46121
4193

31496
37768
33511
37735
39783
39783
39783
39783
39783
39783
39783
37735
37735
52460
50412
33511
33543
35591
35591
35591
35623
35623
10498





50510
60944
29319
39783
39783
37735
39783
39783
39783
39783
39783
39783
37735
39783
48168
60976
39946
33511
35591
37703
4193

33608
37736
33543
39783
39783
39783
39783
39783
39783
39783
39783
39783
39783
52492
52525
37703
37703
37703
37703
37703
37703
37735
2145





48430
60944
29319
39783
39783
39783
39783
39783
39783
39783
39783
39783
39783
39783
48200
63056
39947
33543
33543
33511
4193

35689
35655
35623
39783
39783
39783
39783
39783
39783
39783
39783
39783
39783
52492
54638
39815
39814
41863
41862
41894
41862
39848
0





50511
60976
29351
39783
39783
39783
39783
39783
39783
39783
39783
39783
39783
39783
50281
63056
41994
33543
35623
33543
4193

37801
35655
35623
39783
39815
39783
39783
39783
39783
39783
39783
39783
39782
52492
54670
41927
41926
41927
43974
43974
43974
39848






56784
58896
29351
39783
39783
39815
39783
39783
39783
39783
39783
39783
39783
39783
54506
63056
39882
33543
33543
33543
4193

37801
41928
41928
44008
44040
46120
46120
46153
48233
48265
48298
50346
52427
54540
54670
44006
44006
44006
44006
44006
46054
35688





0
58863
52557
31463
39783
39783
39783
39783
39783
39783
39783
39783
39783
39783
39783
56651
60976
37801
33543
33543
33543
4193

37834
41960
44041
44072
44105
46153
46185
48233
48266
50346
50378
50379
52459
52492
54671
46087
46054
46054
44006
44038
44038
33607





6338
60910
39848
35623
39782
39783
39783
39783
39783
39783
39783
39783
39783
39815
39783
60910
61009
35688
33543
33543
33511
4193

18917
31495
37833
41992
42024
44073
44073
44073
46122
46154
46154
46186
46187
46187
46252
39847
41894
41927
41927
41894
41926
31494





21030
62958
29319
35655
39782
39783
39783
39783
39783
39783
39783
39783
39815
39815
39815
63055
63187
33543
33543
33543
33511
2112




0
6305
18884
27270
29382
29350
29383
27303
27303
27271
25191
25159
23079
23079
25159
31463
35688
35655
25254





31561
58765
27271
39783
41830
39815
39815
39815
39815
39815
39815
39815
39782
39815
41862
63055
65268
33543
33543
33543
33511
32








0
32
32
2080
2080
2080
32
32
32
32
32
32
32
32
0





56751
52525
27239
39847
41862
39815
41862
41862
41862
41862
41862
39815
39814
39815
46120
63055
54703
33511
35591
35591
31430
0



























21063
60879
44074
35623
39815
41862
39815
39815
39815
41862
41862
41862
41862
39815
39815
48265
61008
39913
33511
35591
35591
27270




























42060
58831
29383
39815
41863
41862
41862
41862
41862
41862
41862
41862
41862
39815
39782
54538
61009
35656
35591
35591
35623
12579



























2080
58830
50412
29351
41862
41862
41862
41862
41862
41862
41862
41863
41862
41862
39847
41862
62990
58897
33607
35591
35623
35623
2080



























42093
60909
39914
37671
41894
41862
41894
41862
41862
41862
41862
41862
41895
39847
41894
44039
63023
58962
35623
35623
35591
31462



























2145
54703
58797
29351
41863
41895
41894
41862
41862
41862
41862
41862
41862
41894
41894
41894
54572
63056
44139
35623
37703
37703
27269



























21062
58830
41961
33543
41894
41894
41894
41894
41894
41894
41894
41894
41894
41894
41894
39814
56749
63089
35655
37735
37703
37703
14723


























2112
56751
58862
31431
41863
41894
41894
41894
41894
41894
41894
41894
41894
41894
41894
41862
46152
63056
54670
37767
39783
39783
37735
32


























16869
58766
46153
33575
41862
41894
41894
41894
41894
41894
41894
41894
41894
41894
41894
41862
58830
63024
48331
41862
41862
41862
25157


























0
50445
58765
29351
39847
41894
41894
41894
41894
41894
41894
41894
41894
41894
41894
43942
43975
60943
61008
41895
43974
44006
43975
12611


























23143
58797
46154
35623
41894
41894
43942
41894
41894
41894
41894
41894
41894
41894
41894
41862
56716
63056
52525
44007
43974
41895
33575
0

























32
48365
56651
27271
39815
41894
43942
41894
41894
41894
41894
41894
41894
41894
41894
43942
46055
63023
61074
35688
33511
31431
29351
8418


























31593
58831
46123
33575
41926
43942
41894
41894
41894
41894
41894
41894
41894
41894
43942
43942
56652
63057
37866
25191
25191
25159
23111
32

























0
54637
54573
29383
39847
41926
43974
43974
41926
43974
43974
43974
43974
43974
43942
41894
46120
63056
61042
27304
25159
25191
23143
6306

























0
42060
56717
37736
35687
44006
43974
43974
43974
43974
43974
43974
43974
43974
43974
43974
43974
56652
61008
42060
25159
25159
25159
23110
0

























14724
56717
48331
31431
41927
43942
43974
43974
43974
43974
43974
43974
43974
43974
43974
43974
48200
63024
56816
25223
27239
27239
27239
6338

























2145
54606
56717
31464
39815
43974
43974
43974
43974
43974
43974
43974
43974
43974
41926
43974
43974
60845
61008
44205
27271
29351
29319
20965


























27368
56717
41895
35655
41894
43974
43974
43974
43974
43974
43974
43974
43974
43974
43974
43942
50313
63024
56783
27303
29351
31431
29351
4193

























12644
54670
52525
27271
43942
44006
43974
43974
43974
43974
43974
43974
43974
43974
43974
43974
46023
60911
60976
42027
29351
31431
31431
16772


























42124
54605
35624
39879
43974
43974
43974
43974
43974
43974
43974
43974
43974
43974
43974
43974
54506
62992
54670
29383
31431
33511
31463
2145

























25288
54670
44074
33511
44006
43974
43974
43974
43974
44006
44006
44006
44006
43974
43974
43974
48167
62991
60976
37801
31463
33511
31463
10498

























4193
50542
54636
31399
46087
44006
44006
43974
43974
43974
44006
44006
44006
44006
44006
44006
44006
56683
60975
48364
33543
33543
33511
29415
0
























0
44172
54638
35657
37735
46054
46022
43974
43974
43974
43974
44006
44006
44006
44006
44006
44006
52425
60942
58895
35623
33543
35623
33543
2112

























14724
52557
48235
33543
44007
43974
44006
44006
46054
46054
44006
44006
44006
44006
44006
44006
46086
58796
60976
44106
35591
35623
35591
20964

























4225
48365
52556
31431
41926
46054
44006
44006
46054
46054
46054
46054
44006
44006
46054
44006
46054
54570
60943
54702
35591
35623
35623
29382
0

























29481
52525
39880
37735
44006
44006
46054
46054
46054
46054
46054
46054
46054
46054
46054
46022
46087
60910
60976
39848
35623
35655
35623
12579

























10531
50475
48299
29319
43975
46054
46054
46054
46054
46054
46054
46054
46054
46054
46054
46054
46086
60910
60911
48300
33575
35591
35623
20965
0

























42059
52556
35592
41927
46054
46054
46054
46054
46054
46054
46054
46054
46054
46054
46054
46054
52425
60910
58863
37703
35655
37671
35623
4193

























23142
50445
41961
33543
46086
46054
46054
46054
46054
46054
46054
46054
46054
46054
46054
46054
48199
60910
60943
41928
37703
37703
35623
12611

























6338
48364
50411
31399
44039
46054
46054
46054
46054
46054
46054
46054
46054
46054
46054
46054
46086
56651
60910
56750
37703
37703
37703
29350
0

























42060
50412
33576
39783
46086
46054
46054
46054
46054
46054
46054
46086
46086
46086
46118
46054
52392
60909
56750
37703
39751
37703
35655
2112

























16837
50380
46153
35591
46086
46086
46086
46086
46086
46086
46086
46086
46086
46086
46086
46054
46118
60845
60942
46185
39815
39783
37735
23109




32
14757
33707
35820
35820
33740
29514
23208
16902
16837
14789
12709
8451








2145
44172
50314
29351
43975
46086
46086
46086
46086
46086
46086
46086
46086
46086
46086
46086
46086
54570
58830
54637
39815
39815
37767
33575
2112


8419
29480
50541
54669
56716
56749
56749
56749
56782
56782
58862
58895
60911
50412
31527








29448
48267
41864
39783
46087
46086
48134
48134
48134
48134
48134
48134
48134
46086
46086
46086
48199
60878
58863
44040
41894
41863
37767
10531

4225
29449
52525
54637
54604
56684
56684
58732
58733
58765
58797
58798
60878
56685
46057
37639
27238







4257
48300
44041
31431
44007
46086
48134
46086
48134
48134
48134
48134
48134
48134
48166
46086
48166
58796
60911
50346
41894
41862
41862
27301


46319
63023
63023
63022
63023
63055
65103
63055
65103
65103
65135
63056
65170
35655
35655
35623
27270






32
42027
50380
33479
44007
46086
46118
46118
48134
48134
48134
48134
48134
48134
48134
48134
46086
52457
58830
63024
43975
43942
41894
39879
2145


56784
60910
62991
63023
62990
65071
65103
65103
65071
65103
65103
65104
65170
35655
35623
35623
27269






23142
48267
37801
35623
46118
48166
48166
48166
48134
48134
48134
48134
48134
48134
48166
48166
50279
58797
60878
46088
43974
43974
41927
12611


0
58928
58830
46122
52457
54537
54537
54538
56618
56618
56618
56618
62957
63122
35655
37671
37671
25189





6306
46154
46154
31463
44071
48166
48166
48166
48134
48134
48134
48134
48134
48134
48166
48166
48166
56651
58797
56652
46086
46054
44006
31494



32
60976
54637
35623
46118
48166
48166
48134
48134
48134
48134
48166
58796
63121
35687
37671
37703
27269




0
33641
50347
31431
39847
46118
48198
48166
48166
48166
48166
48166
48166
48166
48166
48166
48198
50344
58797
58765
46086
46054
46054
44007
4225



2113
60944
50412
37735
48166
48166
48166
48166
48166
48166
48166
48166
58795
63121
35687
37703
37703
27269




16869
44106
44105
33543
46119
48166
48198
48166
48166
48166
48166
48166
48166
48166
48166
48198
46118
56684
58829
50345
46086
48134
46118
46151
37799
33608
31494
29447
31528
60942
46187
37799
48166
48166
48166
48166
48166
48166
48166
48198
58796
63089
35687
37735
37703
27269



2113
39914
44105
29319
46087
48166
48166
48166
48166
48166
48166
48166
48166
48166
48166
48166
48166
56650
58765
54571
48166
48166
50311
52391
50278
48166
46086
43974
41862
46056
62990
41960
39848
48166
48166
48198
48198
48198
48198
48198
48166
60844
63121
37768
37735
39783
27269



31496
44106
35656
41863
48166
48166
48198
48166
48198
48198
48166
48166
48166
48166
48166
48166
50312
58764
58797
50312
52392
54505
52424
52391
50278
48198
46086
43974
41862
46088
62991
37736
39880
48166
48166
48198
48198
48198
48198
48198
48198
60844
63121
37767
39783
39783
27269


10499
42025
41961
31431
48166
48166
48166
48166
48166
48198
48198
48166
48198
48198
48198
48166
48198
56684
56685
56652
56683
56650
56618
54538
54505
50376
50311
48199
46119
46055
48201
62959
33512
41928
48198
48166
48198
48198
48198
48198
48198
48198
58764
63089
37799
39815
39783
27301

2113
39915
44105
29351
46152
50246
48198
48198
48198
48166
48198
48198
48198
48198
48198
48198
48198
54505
56716
58765
58797
58796
58829
58796
60877
60877
60909
60909
60910
60941
62990
62991
62991
31432
41928
48198
48198
48198
48198
48198
48198
48198
48166
58764
63088
39847
39815
39815
27301

23175
44074
35624
37704
48198
50246
48198
48198
48198
48198
48198
48198
48198
48198
48198
48198
50278
56651
56684
56716
58765
58765
58797
60845
60877
60877
60877
62958
60909
60909
62989
62990
62991
31432
41927
48166
48198
48198
48198
48198
48198
48198
48198
58796
63088
39847
41894
39815
27301
4225
41961
41961
33479
48167
50278
50246
50246
48198
48198
48198
48198
48198
48198
48198
48198
48198
50246
48198
48198
50278
50279
50311
50311
52359
52392
52392
54473
54505
54505
54505
54537
56586
54570
39783
46119
48198
48198
48198
48198
48198
48198
48198
48198
60844
63088
39847
39847
41862
27301
8418
41993
33511
41928
48198
50246
50246
50246
50246
50246
48198
48198
48198
48198
48198
48198
50246
50246
48198
48198
48198
50246
50246
50246
50246
50246
50246
50246
50246
50246
50246
50278
50246
48198
50278
48198
50246
48198
48198
48198
48198
48198
48198
50246
60844
63088
39847
41894
41894
27301
8418
41961
31431
41927
50246
50278
48198
50246
50246
50246
48198
50246
50246
50246
50246
50246
50246
50246
50246
50246
50246
50246
50246
50246
50246
50246
50246
50246
50246
48198
48198
48198
50246
48198
50246
50246
50246
50246
48230
48198
50246
50246
50246
50246
60844
63088
41895
41926
41894
27301
8418
41961
31431
41926
50246
50246
50246
50246
50246
50246
50246
50246
50246
50246
50246
50246
50246
50246
50246
50246
50246
50246
50246
50246
50246
50246
50246
50246
50246
50246
50246
50246
50246
50246
50246
50246
50246
50246
50278
50246
50246
50246
50246
50246
60844
63088
41927
43974
43974
27269
8418
41961
31431
41926
50246
50246
50278
50278
50278
50278
50278
50278
50278
50278
50278
50246
50246
50246
50246
50246
50246
50246
50246
50246
50246
50246
50246
50246
50246
50246
50246
50246
50246
50246
50246
50246
50246
50246
50246
50246
50278
50278
50246
50246
60844
63088
41927
43974
43974
29349
8418
41962
31431
41927
50246
50246
50278
50246
50278
50278
50278
50278
50278
50278
50246
50246
50246
50246
50246
50246
50246
50246
50246
50246
50246
50246
50246
50246
50246
50246
50246
50246
50246
50246
50246
50246
50278
50278
50278
50278
50246
50246
50246
50246
60844
63088
44007
43974
44006
29349
8418
41962
31431
41959
50278
50278
50278
50278
50278
50278
50278
50278
50278
50278
50278
50246
50278
50278
50278
50278
50278
50278
50278
50278
50278
50278
50278
50278
50278
50278
50278
50278
50278
50278
50278
50278
50278
50278
50278
50278
50278
50278
50278
50278
60844
63088
44007
44006
44006
31429
8418
41962
31431
44007
50278
50278
50278
50278
50278
50278
50278
50278
50278
50278
50278
50278
50278
50278
50278
50278
50278
50278
50278
50278
50278
50278
50278
50278
50278
50278
50278
50278
50278
50278
50278
50278
50278
50278
50278
50278
50278
50278
50278
50278
60844
63088
44007
46054
44006
31461
6370
41961
31431
44007
50278
50278
50278
50278
50278
50278
50278
50278
50278
50278
50278
50278
50278
50278
50278
50278
50278
50278
50278
50278
50278
50278
50278
50278
50278
50278
50278
50278
50278
50278
50278
50278
50278
50278
50278
50278
50278
50278
50278
50278
60844
63088
44039
46054
44006
33509
6338
41961
31431
44007
50278
50278
50310
50310
50310
50278
50278
50278
50278
50278
50278
50278
50278
50278
50278
50278
50278
50278
50278
50278
50278
50278
50278
50278
50278
50278
50278
50278
50278
50278
50278
50278
50278
50278
50278
50310
50278
50278
52326
50278
60844
63088
44039
46086
46086
33542
6338
41961
31431
44007
50278
50310
50310
50310
50310
50278
50277
50278
50309
50309
50310
50310
50310
50310
50310
50310
50310
50278
50309
52325
50278
50278
50278
50278
50310
50309
52357
50310
50310
50310
50310
50310
50310
50310
50310
50310
52326
52326
50278
50310
60844
63088
46087
46086
46054
33574
6338
41961
31431
44008
50278
50310
50310
50310
52358
52358
52325
52358
52358
52357
52357
50310
50310
52357
52357
52357
52357
50277
52325
52357
52325
50278
52358
52326
50278
52325
52357
52357
52326
52326
52326
52326
52357
52358
52326
52358
52358
52358
52358
50277
60844
63056
46118
48134
48134
29382
8418
41961
31431
43976
50279
50279
50311
50311
50311
52359
52358
52358
50310
50310
50310
50310
50310
50310
52358
52358
52358
52326
52358
52358
50310
52326
52359
54440
50278
50278
52358
52358
52358
52358
52358
52358
52358
52358
52358
52358
52358
52358
52358
52326
60844
65104
46118
48134
48135
14659
8418
41929
41993
44040
46120
48200
48200
48232
48232
50312
50312
50312
50344
50344
52392
50312
50312
50311
52359
52359
50311
50278
50278
50278
50310
50311
50312
52425
50311
50311
50311
50310
52358
52358
52358
50310
52358
52358
52358
52326
52358
52358
52358
52326
60844
65104
46118
48135
31430
0
6338
39882
39945
44074
44106
46154
46219
48266
48299
50379
50379
52427
54507
54539
54571
54572
54604
56652
58732
58764
58764
60845
58797
58796
58764
56716
56684
54603
54571
52490
54505
52425
52424
54505
52424
54504
54472
52424
52392
52359
52359
52359
52358
52358
60876
65104
48166
44073
4193



2112
4225
6306
8451
14724
20997
29416
35721
39914
41994
46187
48300
50380
50444
52524
54604
54604
56717
56717
58798
58798
58798
58798
58830
58830
58830
60910
60910
60910
62990
62959
62991
65039
65071
65071
65071
65071
65102
65070
65070
62990
62957
65070
65103
48198
16836















0
0
2080
2112
4225
6305
8386
8418
10531
14756
23110
31496
37834
46253
48365
52558
54671
56751
58832
60943
60975
61007
63055
63055
63054
63054
63055
63056
63024
63056
63056
63056
65137
35687


































0
0
32
2112
6306
8418
10531
12611
14757
18950
21030
21063
23175
25288
23175
2145



