



















32
2145
6371
10532
6338
2145
32







































4193
10531
31530
50511
54671
56751
56751
56751
56752
58800
56752
48431
25256
8418
2113

































6306
44206
52526
54606
56685
56717
56684
58765
58797
58765
58766
58765
58797
58830
58798
58863
52623
35819
32





























8419
37900
52558
54670
54605
56685
50378
41961
41929
39848
39816
39848
39849
39881
41961
48266
58766
60878
58830
58862
54703
35755
32

























32
23175
50476
54605
54604
48267
39848
33543
35527
35591
35591
35591
35591
35591
35591
35591
35591
33543
35591
39751
46186
56652
58830
60879
54640
14757























2145
37867
50507
52523
48299
35623
33511
33543
35591
35591
35591
35591
35591
35591
35591
35591
35591
35591
35591
35591
35591
33543
35591
44073
58733
60879
58864
29481
0




















0
46286
52524
52493
37704
31463
35591
35591
35591
35591
35591
35591
35591
35591
35591
35591
35591
35591
35591
35591
35591
35591
33543
35591
35591
35591
52459
58862
58896
42126




















42091
52492
52460
31432
35559
35591
35591
35591
35591
35591
35591
35591
35559
35559
35559
35559
35559
35591
35591
35591
35591
35591
35591
35591
35591
35591
35591
46088
60878
60911
44271
32
















0
35786
50443
48299
31431
33543
35623
35591
35591
35591
35591
35591
35591
35591
35591
35591
35591
35591
35591
35591
35591
35591
35591
35591
35591
35591
35591
35623
35591
35591
44008
60910
58863
37933
32















21062
50444
48299
31431
35591
35623
35591
35591
35591
35623
35623
35591
35623
35591
35591
35591
35591
35591
35591
35591
35591
35591
35591
35591
35591
35591
35591
35591
35591
35623
35591
44040
58862
58896
33674
0













10531
50444
52459
31463
33543
35591
35591
35591
35591
35591
35591
35591
35591
35591
35591
35591
35591
35591
35591
35591
35591
35623
35623
35591
35591
35591
35591
35591
35591
35591
35591
35591
35623
50345
58861
58862
27335












0
40011
48364
33544
33511
35591
35591
35591
35591
35591
35591
35591
35591
35591
35591
35591
35591
35591
35591
35591
35591
35623
35623
35623
35623
35623
35623
35623
35623
35623
35623
35623
35591
35591
35623
58765
60942
52524
25255











21030
48362
41993
29383
35591
37639
35623
35623
35623
35623
35623
35623
35623
35623
35623
35623
35623
35623
35623
35623
35623
35623
35623
35623
35623
35623
35623
35623
35591
35591
35623
35591
35591
35623
37671
41864
60878
58797
39880
10531









32
42059
48297
29319
33575
35623
37671
35623
35623
35623
35623
35623
35623
35623
35623
35623
35623
35623
35623
35623
35623
35623
35623
35623
35591
35623
35623
35591
35623
35591
35591
35591
35591
35623
37671
35623
35623
52492
62991
46122
35688
4225








23111
48331
39881
31431
35623
35623
35623
35623
35623
35623
35623
35623
35623
35623
35623
35623
35623
35623
35623
37671
37671
37671
37671
35623
35623
35623
35591
35591
35591
35623
35623
35623
35623
37671
37671
37671
35623
41927
58830
58864
29351
25190
0







41993
46185
29319
35623
37671
37703
37671
37671
37671
37671
37671
37671
37671
37671
37671
37671
35623
35655
35623
37671
37671
37703
37671
37671
35591
35591
37703
39815
37703
35591
35623
35623
35623
37671
37671
37671
37703
37703
56684
60943
41927
33543
12611






2145
48267
39817
31431
35623
37703
37671
37671
37671
37671
37671
37671
37671
37671
37671
37703
37703
37671
35623
35623
35623
35623
37671
37671
35623
35623
35623
39815
39815
37703
35623
35623
35623
35623
37671
37671
37671
35623
37671
46121
60943
52524
39879
35687
32





31528
48299
31431
35623
37703
37671
37671
37671
37671
37671
37671
37671
37671
37671
37703
37703
37703
39815
48234
50346
50378
48266
46154
37703
35591
35623
35623
39847
35623
35623
35623
35623
35623
35623
37703
37671
37671
37703
37703
39847
60943
63089
48231
44039
23109




32
46219
46186
29351
37703
37671
37671
37671
37671
37671
37671
37671
37671
37671
37671
37703
37735
48234
56717
56685
56717
56717
56717
58798
58798
44074
33511
35623
39815
35623
35623
35623
35623
35623
35623
37671
37671
37671
37671
37703
37703
58797
60944
58830
54538
41960




6305
46186
35624
31463
37671
37703
37703
37703
37703
37703
37703
37703
37703
37671
37671
37671
52492
56685
56717
56718
56686
54637
56717
58830
58831
56749
48299
29319
35591
35623
35623
39815
35623
35623
37671
37703
37703
37703
37703
37671
37671
50345
58862
65137
65071
58829
2145



8451
48266
31496
33543
37703
37703
37703
37703
37703
37703
37703
37703
37703
37703
37703
50379
56685
56686
44041
35591
33511
33511
33543
35623
41961
56717
56749
44075
29351
35623
37671
39815
35623
35623
37671
37703
37703
37703
37703
37703
37703
41928
60943
63024
63023
65070
42093



21030
46218
27303
35655
37703
37703
37703
37703
37703
37703
37703
37703
37703
37703
44008
56685
54638
37768
31399
31431
31431
31431
31431
31399
31399
37736
56717
54605
27239
37703
39815
39815
35623
35623
37703
37703
37703
37703
37703
37703
37703
39848
60911
60943
60878
62989
56784
32


35754
48299
27303
37703
37703
37703
37703
37703
37703
37703
37703
37703
37703
39783
54604
54637
37769
29351
29351
29351
29351
29351
29319
29319
29351
27271
41962
56749
44073
33543
39815
37735
35623
35623
37703
37703
37703
37703
37703
37703
37703
39783
60910
63088
58764
60876
58831
4258

0
42059
46186
29351
37703
37703
37703
37703
37703
37703
37703
37703
37703
37703
41928
54604
52558
27271
27239
27239
25223
25191
27239
27239
25191
25223
16837
2113
52558
58798
29319
35655
35655
35623
35623
37703
37703
37703
37703
37703
37703
37703
37735
60878
63121
54571
56682
56716
8450

32
46219
41993
31463
37703
37703
37703
37703
37703
37703
37703
37703
37703
37703
48233
54637
29416
25191
25159
25159
25159
25159
25159
25159
23111
4193


18949
56686
31464
33575
35623
35655
37671
37703
37703
37703
37703
37703
37703
37703
37703
58830
63121
48265
52424
56617
14756

2112
46219
37735
33543
37703
37703
37703
37703
37703
37703
37703
37703
37703
37735
52523
54606
27271
25191
25191
25191
27239
27239
27271
27239
6274



10531
58766
33577
33543
37703
37703
37703
37703
37703
37703
37703
37703
37703
37703
37703
58798
63057
44007
48198
52359
29383

4225
46219
35623
33543
37735
37703
37703
37703
37735
37735
37735
37735
37735
39783
54604
56784
31399
31399
31399
31431
31431
31431
33511
20997




8418
58830
39849
33543
39751
37703
37735
37735
37703
37735
37735
37735
37735
37735
37703
58765
60976
37703
37735
46022
39880

6338
46219
35623
33575
37735
39751
39783
37735
37703
37735
37735
37735
39751
39783
54605
61010
35591
35591
35623
35623
35623
35655
35655
4225




4193
56782
46186
31463
39751
37703
37703
37735
37735
37735
37735
37735
37735
37735
37735
56684
58895
35688
33543
35559
33575

6370
46218
37735
37767
41927
44007
44039
46120
46120
46152
48233
48265
50313
50346
54637
61009
39783
39782
39815
39815
39815
39815
35655





2112
56814
50379
31463
39751
37735
37735
37735
37735
39783
39783
37735
39783
37735
37735
56716
58896
35720
33543
33543
31495
32
6338
46219
46218
48298
50379
50379
50411
50411
52459
52491
52492
52524
54572
54604
54605
63090
41927
43942
43942
43942
43942
43974
31429





32
56814
50412
33511
39783
39783
37735
37735
39783
39783
39783
39783
39783
37735
37735
56684
58896
35720
33543
33543
31527
32
2113
42059
48300
48299
48331
48299
50346
50346
50346
50347
48299
48299
48299
48267
48267
52526
41927
44006
44038
44006
44006
46054
27236





32
58831
50379
33511
39783
39783
39783
39783
39783
39783
39783
39783
39783
39783
39783
58797
60976
33575
33511
33511
31495
2080

32
10531
25190
27270
31494
33543
33511
33511
31431
31399
29319
27239
27271
25191
25191
25159
31463
37735
41895
43975
43942
25156





2113
60878
46186
33511
39783
39783
39783
39783
39783
39783
39783
39783
39783
39783
39815
58830
61009
33479
31463
31431
31463
2112






32
10498
25222
31463
31495
31463
29383
29351
27303
25191
23111
23111
23111
21031
23079
33543
16772





4225
60879
39881
33511
39783
39783
39783
39783
39815
39815
39783
39783
39783
39783
39815
60910
63155
29351
29383
31399
29351
32









0
32
2080
32
32
32
32
0
0
0
0








8451
60846
35657
35591
39783
39783
39783
39783
39783
39783
39783
39783
39783
39783
41895
60910
58897
27271
29319
29319
27271
0




























14724
60878
33544
37671
39815
39815
39783
39783
39783
39783
39783
39783
39783
39783
41895
60910
44140
27271
27239
27239
23111





























35786
58798
29351
39782
39815
39815
39815
39815
39783
39783
39783
39783
39783
39782
46152
60975
35755
25191
25159
25191
16805




























4225
56783
54638
31431
39814
39815
39815
39815
39815
39815
39815
39815
39815
39815
39783
58765
58863
31561
27271
27239
27271
8418




























31561
60909
29351
37735
39815
41862
41862
41862
41862
41862
41862
41862
41862
39815
43975
60943
63155
25223
29319
27271
27271
4193



























25255
56750
54605
29319
39815
39815
39815
39815
39815
39815
39815
39815
39815
41862
39815
48201
58831
46252
29351
29319
29351
29351
2080
























0
10531
31562
56750
56718
35624
39783
39847
41895
39815
39815
39815
39815
39815
41863
41895
41862
41862
56685
58863
31496
31431
31399
29351
23078















16902
46318
48399
48431
48398
46285
46318
46318
48431
52623
54703
56719
58798
58766
41897
37703
39847
39847
41863
41863
41863
41863
41863
41863
41863
41894
41862
46120
60911
58832
31463
33479
33479
31431
6306















27335
54604
54669
54637
56684
56684
56716
56716
56717
56717
56717
56749
56684
35591
39783
41862
41895
41863
41895
41863
41863
41863
41863
39847
41863
41862
41862
54572
60911
41928
33511
33543
35591
29351
















27335
54604
44073
48298
50346
50346
50346
50346
50346
50313
46120
41895
39783
41863
41894
41894
41894
41894
41862
41894
41894
41894
41894
41894
41862
41894
48233
60911
56717
35591
35655
35591
35623
18916
















27335
54604
27239
39815
41862
41894
41894
41894
41894
41862
41862
41894
41862
41894
41894
41894
41894
41894
41894
41894
41862
41862
41862
41894
41894
41895
58830
60943
46121
37703
35623
35623
31462
32
















27335
52556
27271
39815
41894
41894
41894
41894
41894
41894
41894
41894
41894
41894
41894
41894
41894
41894
41894
41894
41894
41894
41894
41862
41895
56684
60943
54572
37703
37735
37703
37767
14723

















27335
52524
27239
39815
43942
41894
41894
41894
41894
41894
41894
41894
41894
41894
41894
41894
41894
41894
41894
41894
41894
41894
41894
41894
50346
60910
60943
43975
41830
39783
39815
31526


















27335
52524
27271
39847
41894
41894
41894
41894
41894
41894
41894
41894
41894
41894
41894
41894
41894
41894
41894
41894
41894
41894
43974
50313
60877
60910
48168
41894
41894
41894
39879
4225


















27335
52524
27271
39847
41894
41894
41894
41894
41894
41894
41894
41894
41894
41894
41894
41894
41894
41894
41894
41894
41894
41894
50345
60910
60910
52425
43974
41926
43974
41927
8418



















27335
52524
27239
39847
41894
41894
41894
41894
41894
41894
41894
41894
41894
41894
41894
41894
41894
41894
41894
41894
43942
50345
60910
60877
56683
46087
46086
46086
44006
18884




















27335
54604
27239
39846
41894
41894
41894
41894
41894
41894
41894
41894
41894
41894
41894
41894
41894
41894
41894
41894
41894
54571
60877
60910
60877
54505
56520
56519
54503
33640
0



















27335
54604
27239
39846
41926
43974
43974
43974
43974
43974
43974
43974
43974
43974
43974
43974
43974
43974
43974
43974
41926
43974
48232
60877
60910
60877
58664
56583
56582
54536
37833



















27335
54572
27239
41895
41926
43974
43974
43974
43974
43974
43974
43974
43974
43974
43974
43974
43974
43974
43974
43974
43974
43974
43974
46119
58797
62990
60876
58696
58662
58663
56584
25222


















27335
54604
27239
41894
43974
43974
43974
43974
43974
43974
43974
43974
43974
43974
43974
43974
43974
43974
43974
43974
43974
43974
43974
43942
44039
58797
60910
60844
54406
52358
52326
48232
12611

















27335
52524
27239
41894
43974
43974
43974
43974
43974
43974
43974
43974
43974
43974
43974
43974
43974
43974
43974
43974
43974
43974
43974
43974
43942
44006
58830
62959
54507
46054
46086
46086
39879
2112
















27335
52524
27271
41926
43974
43974
43974
43974
43974
43974
41926
43974
43974
43974
43974
43974
43974
43974
43974
43974
43974
43974
43974
43974
43974
43974
46119
60943
60878
44038
46054
46054
46054
29382
















27335
54604
27239
41894
41926
41926
43974
41926
41926
41926
41926
44006
41926
41926
43974
43974
43974
43974
43974
43974
43974
43974
43974
43974
43974
43974
43974
54571
60910
56716
46086
44070
46054
41927
32















27335
56652
50379
52491
54539
54539
54571
54539
54539
52491
50378
48233
41895
39815
44006
43974
43974
43974
43974
43974
43974
43974
43974
43974
43974
43974
43974
46054
60877
60910
46119
44038
46086
46118
29415















25287
54605
54637
54638
56685
54669
56717
56718
56718
56718
56717
58765
60846
48266
37703
41895
43974
43974
43974
43974
44006
44006
44006
44006
44006
44006
43974
43974
50345
62990
58797
54538
56618
56682
56686
2145














2112
12644
23176
27369
27401
29514
33675
35852
40013
42126
46318
54639
56719
58798
58765
33511
41927
44006
43974
44006
44006
44006
44006
44006
44006
44006
43974
43974
44006
60910
62991
65104
65103
65103
63024
12611

























32
8419
44205
58830
56685
29319
41895
43974
46022
43974
43974
43974
43974
43974
43974
43974
43974
43974
52458
62991
63056
62990
62957
62958
42059



























0
31593
58831
52492
33511
44006
46054
44006
44006
44006
46054
46054
46054
44006
46022
44006
46119
60910
63024
58797
58796
60811
54637
2112



























0
42093
56750
31496
41895
46054
44006
44006
46054
46054
46054
46054
44006
46054
46054
46118
60910
63023
56651
54570
56617
54538
10531




























10531
56783
46154
35623
46054
46054
44006
46054
46054
46054
46054
46054
46054
46054
46054
56716
60943
54604
50312
50311
48199
16804




























32
54704
58798
29351
44007
46054
46054
46054
46054
46054
46054
46054
46054
46054
43974
48199
60943
52460
39783
37703
37671
14691





























37900
60878
33511
41959
46054
46054
46054
46054
46054
46054
46054
46054
46054
46054
43974
60910
50380
33511
33511
35591
18852





























8451
58830
39849
39815
46054
46054
46054
46054
46054
46054
46054
46054
46054
46054
43974
58829
54605
33543
33543
33543
20964






0
2113
8386
10531
10563
12676
14724
14724
12676
12644
12611
12611
12612
12612
10531
8418
0






0
56750
41962
35623
46086
46054
46054
46054
46054
46054
46054
46054
46086
48134
46054
58732
58895
33543
33543
33543
25157



32
16837
37900
48430
50509
54638
56750
56749
56782
58862
58862
60943
58863
60911
58863
58863
48331
44040
44041
2145






0
56750
44043
33543
46054
46054
46054
46054
46054
46054
46054
46054
46054
46054
46054
58764
63057
33543
33543
33543
27238
12644
35754
42091
46283
50411
50411
52458
52522
54603
56652
56685
56717
56717
58797
58797
52490
50280
46119
46054
46054
46054
44007
2113






0
54670
46154
33543
46086
46054
46086
46086
46086
46086
46086
46086
46086
46086
46054
56651
61008
33543
33543
33543
27238
27335
46218
48331
48330
48330
50378
50378
52459
52460
52492
52524
54572
54573
54605
54637
44039
46086
44038
46054
46054
46054
44007
4193






0
52558
46186
33543
46086
48134
46086
46086
46086
46086
46086
46086
46086
46086
46086
56651
61009
33543
33543
33543
25189
31528
46185
44074
48297
48298
50346
50378
52458
52458
52490
52522
52490
54571
52556
52589
44039
44006
44038
44038
44038
44006
41927
8418






0
52526
46186
33543
46086
48134
46086
48134
48134
46086
46086
46086
46086
46086
48134
56651
60976
35623
33543
35559
23077
31496
44073
29287
46086
48134
48102
48134
48134
46086
46086
48134
46118
46087
52524
52589
44038
46054
46054
46054
43974
43974
41895
12643






0
50478
46186
33543
46118
48134
46086
48134
48134
48134
46086
46086
46086
46086
48134
56651
60976
33575
33543
35559
20964
29415
44041
29319
46086
48134
48134
48134
48134
48166
48134
48134
48134
46086
52458
54637
44006
44006
43974
43974
41894
41894
39783
18916






0
52558
44042
33543
48134
48134
46118
48134
48134
48134
48134
48134
48134
48134
48134
56683
60976
35623
33543
35591
16804
27335
44073
29319
46086
48134
48134
48134
48134
48166
48166
48166
48166
48166
52426
56750
41894
43942
41894
41862
39815
39751
39719
31495
32





0
56718
41962
35623
48134
48134
48166
48134
48134
48134
48134
48134
48134
48134
48134
58731
61009
33543
33511
33543
14691
25254
44073
27271
48135
48134
48134
48134
48134
48166
48166
48166
48166
48166
50345
56685
44040
39815
39783
37735
35623
35591
33447
31431
16804





4193
58798
39850
39783
48166
48166
48166
48134
48134
48134
48134
48134
48134
48134
48166
58732
61041
31463
31463
33511
12579
23141
46154
27271
48167
48166
48166
48166
48166
48166
48166
48166
48166
48166
50312
54572
56718
37703
35623
33543
31431
31399
27239
25191
23111
4225




27369
58830
31464
46087
48166
48166
48166
48166
48166
48166
48166
48166
48166
48166
48134
58732
61042
31431
31431
31463
8418
21029
46186
27271
48134
48166
48166
48166
48166
48166
48166
48166
48166
48166
46118
54605
54605
35623
31431
29351
27239
25159
25191
25191
29319
29351
6338


32
56751
58830
31431
48199
48134
48166
48166
48166
48166
48166
48166
48166
48166
48166
46086
58797
56784
29351
29351
29383
4225
18917
46218
27271
46055
48166
48198
48198
48166
48198
48198
48166
48198
48198
48166
52425
54637
44140
25191
25191
25191
27271
29319
29351
31431
33479
33543
27238
21029
31593
56782
39881
37767
48198
48166
48198
48166
48166
48166
48166
48166
48198
48198
48198
48198
62958
50478
27239
27271
27239
0
14724
48267
29351
41927
48166
48198
48198
48198
48198
48198
48166
48198
48198
48198
48199
54604
54638
35689
27271
29319
31399
31431
33511
35591
35623
37703
37735
44072
56781
58830
33479
46087
48198
48198
48166
48198
48166
48166
48166
48166
48166
48198
48166
48166
60943
46285
27239
27239
16805

8418
48300
35656
39815
48166
48166
48198
48198
48198
48198
48166
48198
48198
48166
48166
52425
56685
56719
39817
33479
33511
35591
35623
37735
39815
41894
46088
58797
58797
44041
39783
48166
48166
48166
48166
48166
48198
48198
48198
48198
48166
48166
48166
52391
60943
44205
29351
29319
6305

32
46252
46186
31431
48166
50246
48198
48198
48198
48198
48198
48198
48198
48198
48198
48166
54539
54604
56718
52492
41895
39783
39783
41894
44039
54604
58798
58799
54574
27239
46119
50214
50214
50214
48198
48198
48198
48198
48198
48198
48198
48198
48166
60844
56783
39849
31431
29351
2112


29480
48330
29351
48167
50214
48198
48198
48198
48198
48198
50246
50246
50246
48198
48198
48198
54538
56684
56717
56717
56685
56652
56685
58797
58798
60878
50379
33511
48199
48198
50214
50214
50214
50246
50246
48198
48198
48198
48198
50246
50246
50278
60877
63122
33543
35591
25190



10531
48298
33544
41895
50246
50246
48198
48198
48198
48198
48198
48198
48198
48198
48198
48198
48198
52424
56618
58764
58797
58765
58765
60846
54571
46089
41863
48199
48230
48198
50246
48198
48198
48198
50246
50246
50246
50246
50246
50246
50246
50311
62958
52622
37671
35623
2112



4193
48299
41961
35623
48231
50246
50246
50246
50246
50246
48198
48198
48198
50246
50246
48198
48198
48198
50246
50279
52392
54473
52392
48166
46022
48166
48198
48198
48198
48198
50246
50246
50246
50246
50246
50246
50246
50246
50246
50246
50246
54537
60944
46186
39783
27269





39882
48299
29351
46184
50278
50246
50246
50246
50246
50246
50246
50246
50246
50246
50246
48198
50246
50246
50246
50246
48198
50246
50246
50278
50246
50246
50246
50214
50246
50246
50246
50246
50246
50246
50246
50246
50246
50246
48198
50246
60909
58863
44040
39847
32





4225
46219
39849
35623
50279
50246
50246
50246
50246
50246
50246
50246
50246
50246
50246
50246
50246
50246
50246
50246
50246
50246
50246
50246
50246
50246
50246
50246
50246
50246
50246
50246
50246
50278
50246
50246
50246
50278
50246
54505
58829
58927
41927
14723







39913
48266
31399
48199
48198
50278
50246
50278
50278
50278
50278
50278
50278
50246
50246
50246
50246
50246
50246
50246
50246
50246
50246
50246
50246
50246
50246
50246
50246
50246
50278
50278
50278
50278
50278
50278
50278
50246
60845
60943
44104
27302
0







16837
50379
46122
33511
48198
50246
50278
48230
48198
50278
50278
50278
50246
50246
50246
50246
50246
50246
50246
50246
50246
50246
50246
50246
50246
50246
50246
50246
50246
50246
50278
50278
50246
50246
50278
50278
50278
54538
60909
56814
39912
2113









37866
50412
33543
44008
50278
50278
50246
50278
50278
50278
50278
50278
50278
50246
50278
50278
50278
50278
50278
50278
50278
50278
50278
50278
50278
50278
50278
50278
50278
50278
50278
50278
50278
50278
50278
50278
60877
60975
42026
2112










8451
48332
48298
31399
46087
50278
50278
52325
50278
50278
50278
50278
50278
50278
50278
50278
50278
50278
50278
50278
50278
50278
50278
50278
50278
50278
50278
50278
50278
50278
50278
50278
50278
50278
50278
60876
60910
52624
4193












23110
50445
48299
33511
46087
50278
50278
50278
50278
50278
50278
50278
50278
50278
50278
50278
50278
50278
50278
50278
50278
50278
50278
50278
50278
50278
50278
50278
50278
50278
50278
50278
50278
58763
60911
56817
10531













32
35753
50412
48266
35623
48167
50310
50310
50278
50278
50278
50278
50278
50278
50278
50278
50278
50278
50278
50278
50278
50278
50278
50278
50278
50278
50278
50278
50310
50278
50278
50310
56650
60910
58898
16837















32
39947
52492
50379
33511
46119
50278
50278
50278
50278
52357
50310
50310
50310
52357
50278
50310
50310
50310
50310
50278
50310
50310
50310
52357
50310
50278
50278
50278
50310
56682
60910
58864
14789


















44140
52492
52491
35623
44008
48231
50311
50310
52325
52357
52358
52326
52326
52357
52357
52357
52357
52358
52357
52357
52357
52325
52357
50310
50310
50278
52358
60844
60910
58896
16870



















4193
39914
52524
54572
48267
37671
48199
50310
50310
52358
52358
52357
52357
52358
52358
52358
52358
52357
52358
52357
52357
52357
52358
50310
50310
54536
60877
60878
58864
14724





















2112
31496
52525
54604
52491
46153
41895
46119
50311
50310
50310
52358
52358
52326
52358
52326
52358
52358
52358
52358
52326
52359
54505
58763
60909
60910
48300
12611























0
20997
46252
54605
54605
54604
50345
43976
48167
48199
50246
52359
52359
52359
52358
52359
52391
52392
54472
56650
58796
60878
60878
58798
37866
2080



























27303
50445
54605
56685
56684
56684
58764
56651
56618
54537
56618
58731
58764
60844
60845
60845
60877
58830
58798
48301
2112






























2112
8450
39914
54638
56685
56718
56685
56717
58797
58798
58766
58798
58797
58798
58863
54670
21030
6305
0


































2112
12611
20997
25255
31528
33641
33641
31528
27335
23110
16836
4225





















