























0
2145
8451
10564
12644
14789
18950
21062
21095
23175
25255
27368
31562
31594
35787
14756


































10531
56816
58896
58896
58895
58927
60975
60976
63024
63023
63023
65071
65071
65103
63055
39881
6338

































50544
60943
60911
62959
62991
63023
63056
65104
65072
65040
63024
60911
58830
58830
65072
41865
29383
0































8419
60943
50314
39849
41929
39849
39816
39783
37735
37703
35591
35591
35559
35559
41929
63056
41896
35623
23109































23175
60910
31432
33511
33543
33543
35591
35591
35591
35591
35591
35591
35591
35591
41929
63055
39848
35591
35591
14724





























0
54702
54637
27271
33543
35591
35591
35591
35591
35591
35591
35591
35591
35591
35591
41929
63023
41896
35623
35623
33543
2145




























18950
58895
39847
33511
35591
35591
35591
35591
35591
35591
35591
35591
35591
35591
35623
41929
65103
41896
35623
35623
35623
18917




























37833
58830
27271
35623
35591
35591
35591
35591
35591
35591
35591
35591
35591
35623
35623
41929
65103
41928
35623
35623
35623
21029



























2112
56750
48332
29351
35591
35591
35591
35591
35591
35591
35591
35591
35591
35591
35623
35591
41929
65103
41928
35623
35623
35623
20997



























31593
58862
35624
35591
35591
35591
35591
35591
35591
35591
35591
35591
35591
35591
35623
35591
41929
65103
41928
35623
35623
35623
18917



























48396
54605
29351
35559
37639
35591
35591
35591
35623
35623
35591
35591
35591
35591
35623
35623
41961
65104
41929
35623
35655
37671
18916


























4225
56782
41962
31431
37671
37639
35623
35623
35623
35623
35623
35623
35623
35623
37639
35623
35623
41929
63056
41929
37671
37703
37671
18916

























0
46286
58862
29383
35591
35591
37671
35623
35623
35623
35623
35623
35623
35623
35623
37671
35623
35623
41961
63055
41929
37671
37703
37671
18884

























6306
58831
50379
31431
37671
37671
35623
35623
35623
35623
35623
35623
35623
35623
35623
37671
35623
35623
41961
65103
43976
37703
37703
37703
18884

























18949
58766
33576
33543
35623
37671
35623
37671
37671
37671
37671
37671
37671
37671
37671
37671
35623
35623
44008
65103
43976
37703
37703
37703
16836
























0
54671
58830
29319
35655
37671
37671
35623
37671
37671
37671
37671
37671
37671
37671
37671
37671
37671
35623
44009
65103
44008
37703
37703
37703
16836
























14724
58766
44041
33511
37703
37671
37671
37671
37671
37671
37671
37671
37671
37671
37671
37671
37703
37671
37703
44009
63055
44009
37703
37735
37735
16836
























31529
58733
27271
35623
37671
37671
37671
37671
37671
37671
37671
37671
37671
37671
37671
37671
37703
37671
37703
44009
65103
44009
39751
37735
37735
18884























32
56751
52492
27303
37703
37671
37703
37671
37671
37671
37671
37671
37671
37671
37671
37671
37671
37671
37671
37703
44009
65104
44009
39751
37735
37735
18884























25288
56749
35687
33607
37703
37703
37703
37703
37703
37703
37703
37703
37703
37703
37703
37703
37703
37703
37703
37703
44009
65104
44041
39783
37735
41895
18916























42060
54604
29351
35655
37671
37703
37703
37703
37703
37703
37703
37703
37703
37703
37703
37703
37703
37703
37703
37703
44009
65104
44041
39783
39815
41927
18916






















2113
56718
46155
31431
37703
37703
37703
37703
37703
37703
37703
37703
37703
37703
37703
37703
37703
37703
37703
37703
37703
44041
65104
44041
39783
39847
39847
18884






















35755
58798
33543
35655
37703
37703
37703
37703
37703
37703
37703
37703
37703
37703
37703
37703
37703
37703
37703
37703
37703
46153
63024
44073
39815
41927
41863
18884





















2112
52525
52492
29383
37735
39751
37703
37703
37703
37703
37703
37703
37703
37703
37703
37703
37703
37703
37703
37703
37703
37735
46121
63057
46186
39815
41895
41895
18884





















8451
58798
37769
33543
37671
37703
37703
37703
37703
37703
37703
37703
37703
37703
37703
37703
37703
37703
37735
39847
37703
37735
44041
65170
46185
39815
39815
44007
18916




















0
46316
58766
31431
37703
39751
37735
37735
37735
37703
37703
37703
37703
37703
37735
37735
37735
37735
37703
37735
39847
37735
37735
46121
65137
44105
39815
39815
41895
18916




















8451
56781
46155
31463
39751
39751
37703
37703
37735
37735
37735
37703
37735
37703
37735
37735
37735
37735
37735
37703
39815
41863
39847
46153
63056
46186
39815
41862
39815
16836




















23143
56717
31432
35655
37703
39751
37703
37735
37735
37735
37703
44040
35655
37735
37735
37735
37735
37735
37735
37703
37735
41895
41895
46120
63024
46217
41927
41863
41894
16836



















0
52558
54606
29351
37703
37703
39751
37703
37735
37735
37735
39783
56750
31463
37735
39783
37735
37735
37735
39751
37703
37735
41896
39847
44041
63056
44105
44006
41862
41894
16836



















18949
56718
39817
35623
39783
39783
37735
37735
37735
39783
39783
41895
58864
31431
37735
37735
39783
39783
39783
39783
39815
37703
39815
41927
46121
65136
44105
44006
44007
44007
18916



















37834
54573
27239
37735
39783
39783
39783
39783
39783
39783
39782
50345
58863
31431
37735
39783
39783
39783
39783
39783
41895
39847
39783
39847
48233
63055
44105
43942
44008
44007
18884


















2113
54637
48333
31431
39783
39782
39783
39783
39783
39783
39783
41863
60943
58863
31399
37735
39783
39783
39783
39783
39783
39783
41928
39815
39815
48233
63088
44105
41894
41894
41894
16836


















33674
56717
33543
37767
39783
39783
39783
39815
39783
39783
39782
46121
60910
58831
31399
39783
39783
39783
39815
39815
39783
39783
41895
41927
39783
46121
65137
46185
43975
41894
41894
18884


















46252
50444
29351
39815
39815
39783
39783
39783
39815
39783
41830
56652
60910
58863
31399
39783
39783
39783
39815
41927
39783
39815
39815
41927
39815
46121
65136
48266
46055
41894
41894
18916

















4225
56686
39882
33543
39783
39815
39783
39783
39783
39815
39783
43975
60878
60910
58863
31431
39815
39815
39815
39815
41927
41895
39815
39814
41895
41895
46089
63056
46185
43942
43974
41926
18916
















0
46220
54637
29383
39815
39783
39783
39815
39783
39783
39815
39783
52427
60878
60910
60911
31431
39815
41895
41895
39815
39847
41959
39815
39783
39815
41927
48169
63056
46153
43974
43974
43974
18916
















4225
54605
46186
33543
39815
39815
39815
39815
39815
39783
39815
41863
58764
58798
60878
60944
33479
39847
44007
44008
43976
39815
41927
41927
39783
39815
41895
48233
65104
46185
43974
43974
43974
20996
















14724
54605
33576
35623
39815
39815
39815
39815
39815
41862
39815
46152
60878
52460
60878
58895
35591
41959
41927
39815
41927
41927
39815
44007
39815
41895
44007
46120
63056
46185
43974
43974
43974
20996















0
48364
54638
31399
39815
39815
39815
39815
39815
39815
41862
39815
56684
60911
39784
60910
58863
35623
41959
39815
39815
39847
41959
39847
41927
44007
44007
41927
46121
63056
46185
46022
43974
43974
20996















12644
54604
39881
35623
39815
39815
39815
41862
39815
41862
41862
41863
58797
54605
35591
60911
58863
31463
41959
39847
39815
39815
41927
44007
39815
41927
41927
39847
46153
63056
46185
46022
44006
44006
23077















27367
54605
27271
39782
41863
41895
41863
41863
41895
41862
41862
50346
58797
46154
35559
58831
58863
31431
41927
41927
39815
39847
39847
44007
41895
41862
39815
41862
46121
63056
48233
46022
44006
44006
23077















52557
50380
29351
41895
41863
41895
41895
41895
41863
41863
41895
58797
60911
35623
35591
60943
61009
31431
39847
44007
41895
39815
41895
41927
44007
39815
41863
41862
48169
63056
48265
46054
44006
44006
23077














23142
54604
33576
37735
41862
41862
41895
41894
41895
41894
41895
46088
58862
48298
35591
35623
60976
58863
31463
39847
41927
44007
41895
41894
41862
41895
41894
41894
41862
46152
63055
48266
46054
46054
46054
23109














39913
52459
29351
41863
41862
41894
41894
41894
41894
41894
41894
56619
58798
39848
33543
37735
60943
58863
31463
39879
41895
44007
43974
41894
41894
41894
41894
41894
41894
48200
63087
48266
46054
46054
46054
25189













2113
52556
41994
33511
41894
41894
41894
41894
41894
41894
41894
44039
60877
58831
35623
35623
37735
60943
58864
35623
44039
41927
41894
44007
41894
41894
41894
41894
41894
41894
48201
63055
48266
46054
46086
46086
25189













35755
52557
29351
41894
41894
41894
41894
41894
41894
41894
41894
50377
58798
44008
35623
35591
37703
63024
60977
35623
41959
44039
41862
43974
41894
41894
41894
41894
41894
41894
48200
63055
48266
46054
46086
46086
25189












32
48300
48298
29383
43942
41894
41894
41894
41894
41894
41894
41894
56716
56685
35623
35623
35623
35623
63024
58897
33479
41927
44007
41894
41894
41894
41894
41894
41894
41894
41894
48200
63055
48266
46086
46086
46086
25189












8418
52524
35689
37703
43910
43942
41894
41894
41894
41894
41894
48200
58798
54637
35623
35655
35623
35591
60911
56815
31463
41926
44039
41894
41894
41894
41894
41894
43942
41894
43942
48200
63055
48265
46086
46086
46086
25189











0
46221
52557
31431
41895
43942
41894
41894
41894
41894
41894
43974
54539
60911
39847
37703
37703
37671
37671
60943
58896
31463
44039
44006
41894
41894
41894
41894
41894
43942
41894
41894
48200
63055
48265
46086
46086
46086
25189











6306
52492
41960
35623
41894
43942
41894
41894
41894
41894
41894
43943
58798
54606
37735
37703
37703
37671
37671
60942
58863
35623
44039
41894
43974
41894
41894
41894
41894
41894
41894
43942
48200
63055
48298
48134
46118
46118
25157











18950
52492
31432
39815
43974
43942
43942
43974
43942
41894
43942
52458
56750
50412
37703
37703
37703
37703
37671
60942
58863
35623
41926
43942
43974
41926
41894
41894
41894
43942
41894
43942
48200
63055
48298
48166
48166
48166
23141










0
46253
52492
31399
41927
43974
43942
43974
43974
43974
43942
43975
56652
58863
39815
37703
37735
37703
37703
39751
60910
58863
31463
41958
43942
43974
41926
43974
43974
43974
43942
43974
43942
48200
63055
48330
48166
48166
48166
25189










14724
54540
35688
39815
43974
43974
43974
43974
43974
43974
43974
46087
56750
50444
39783
39783
39783
37735
37703
37671
60943
58864
31463
43974
43974
43974
43974
43974
43974
43974
43974
43974
43974
48200
63056
48329
48166
50214
48166
25189










31560
50347
29319
41895
43974
43974
43974
43974
43974
43974
43974
56684
56750
46185
39815
39783
39815
39783
39783
27269
58862
58864
31463
43974
43974
43974
43974
43974
43974
43974
43974
43974
43974
48232
63056
50377
48166
50214
48166
25221









32
48395
46155
31431
41926
43974
43974
43974
43974
43974
43974
46055
58798
60976
39847
41894
41862
39815
41831
39783
6338
58895
58864
31463
43974
43974
43974
43974
43974
43974
43974
43974
43974
43974
48232
63056
50377
50214
48198
48198
27302









27335
50411
33511
41959
43974
43974
44006
44006
44006
43974
43974
50313
56750
48265
41894
41894
41894
41894
41862
33542

58896
58864
33511
43974
43974
43974
43974
44006
44006
44006
44006
44006
43974
48232
63056
50377
50246
48198
48198
27302









42026
48202
29383
41959
44006
43974
43974
44006
43974
44006
43974
56684
56750
44039
43974
41926
41894
41894
41894
16804

56816
60912
33511
43974
43974
43974
43974
43974
43974
43974
43974
43974
43974
50280
63056
50378
50246
50246
48198
25253








4225
50412
39818
37703
44006
43974
43974
43974
43974
43974
43974
48200
56717
58895
44038
43974
43974
41926
43974
41927
4225

56784
60912
33479
44006
43974
43974
43974
43974
43974
43974
43974
43974
43974
50280
63056
50378
50246
50246
50245
27301








37866
50411
29319
44007
43974
44006
43974
43974
43974
43974
43974
54506
58830
44071
44038
46055
46087
48232
52425
50378
39948
42125
60910
60943
33479
44006
43974
43974
43974
44006
44006
44006
44006
44006
44006
48232
63056
50378
50246
50278
50278
37832
12644
14757
14789
16870
12644
6306

2145
50348
41993
35623
44038
46022
44006
44006
43974
44006
43974
46054
56684
58797
56717
58765
58765
58798
60877
60877
60909
60911
60878
60909
58863
31463
44006
43974
44006
44006
43974
43974
43974
43974
43974
44006
50280
63055
56716
58731
58763
58796
58829
58862
58895
52590
41929
35656
27302

12611
50347
31496
39815
43974
46054
44006
44006
46054
44006
46054
52426
56684
58765
58765
58797
58797
58797
60877
60877
60878
60878
60878
62957
58864
33511
44006
46054
46054
46054
46054
46054
46054
46054
46054
43974
48232
65103
65135
65071
65103
63055
65135
65135
63056
50445
37671
35623
25222
0
41994
48298
31399
44006
44006
44006
44006
46054
46054
46054
43974
52425
54538
54538
56619
56651
54603
56651
56683
56684
58765
58764
58765
58796
58798
35591
44006
44006
46054
46054
46054
46054
46054
46054
46054
46054
48232
63023
65103
65071
65071
65070
65071
65103
63056
50477
37671
37671
27270
8451
48298
39816
37735
46054
46054
44006
46054
46054
46054
46054
46054
43974
46054
46054
46054
44006
46054
46054
46054
46022
46054
46054
46054
46086
43974
46054
46054
46054
46054
46054
46054
46054
46054
46054
46054
46054
46022
46054
46054
46054
46054
46054
46054
50312
63056
50477
39751
37703
27269
18917
48298
29287
41894
46054
46054
46086
46054
46054
46054
46054
46087
46086
46054
46054
46054
46054
46054
46054
46054
46054
46054
46054
46054
46054
46054
46054
46054
46054
46054
46054
46054
46054
46054
46054
46054
46054
46054
46054
46054
46054
46054
46054
46054
50312
63056
52526
39751
39751
27269
25254
44105
31399
44006
46054
46054
46054
46054
46054
46054
46086
46054
46054
46054
46054
46054
46054
46054
46054
46054
46054
46054
46054
46054
46054
46054
46054
46054
46054
46054
46054
46054
46054
46054
46054
46054
46054
46054
46054
46054
46054
46054
46054
46054
50279
63056
52525
39782
39815
27269
27366
46186
31431
46054
46054
46054
46054
46054
46054
46054
48134
46054
46054
46054
46054
46054
46054
46054
46054
46054
46054
46054
46054
46054
46054
46054
46054
46054
46054
46054
46054
46054
46054
46054
46054
46054
46054
46054
46054
46054
46054
46054
46054
46054
50279
63056
52557
41862
41862
27269
27334
46154
29351
46054
46086
46086
46054
46054
46086
46086
46118
46054
46054
46086
46054
46054
46086
46054
46054
46054
46054
46054
46054
46054
46086
46086
46054
46054
46054
46054
46054
46054
46054
46054
46054
46054
46054
46054
46054
46054
46054
46054
46086
46086
50311
63056
52557
41862
41862
27269
25254
46186
29319
46086
46086
46086
46054
46086
46054
46054
46054
46086
46054
46118
46054
46086
46086
46054
46054
46054
46054
46054
46054
46054
46054
46086
46054
46086
46054
46054
46054
46054
46054
46054
46054
46054
46054
46054
46054
46054
46054
46054
46086
46086
50279
63056
52557
41894
41862
29349
23142
46186
27271
46086
46086
46086
46054
46054
46054
46054
46054
46054
46054
48166
46054
46086
46086
46086
46086
46086
46086
46086
46086
46086
46086
46086
46086
46086
46086
46086
46086
46086
46086
46086
46086
46086
46086
46086
46086
46086
46086
46086
46086
46086
50279
63056
54605
41926
41894
29349
21029
46218
27239
46086
48134
48134
48134
48134
48134
46086
48134
48134
48166
48166
46086
48134
48134
48134
46086
46086
48134
48134
48134
48134
48134
48134
48134
48134
46086
46086
46086
46086
48134
48134
48134
48134
48134
46086
46086
46086
48134
48134
48134
48134
50279
63056
54605
43974
43974
29349
18949
48266
27271
46086
48134
48134
48134
46086
46086
46086
46086
46086
48166
46086
48134
48134
48134
48134
48134
48134
46086
48134
48134
48134
48134
48134
48134
48134
48134
46086
48134
48134
48134
48134
48134
48134
48134
48134
46086
46086
48134
48134
48134
48134
50312
65136
54604
43974
43974
29349
16868
48298
27271
46054
48134
48134
48134
46086
46086
46086
46086
46086
46086
48166
48134
48134
48134
48134
48134
48134
48134
48134
48134
48134
48134
48134
48134
48134
48134
48134
48134
48134
48134
48134
48134
48134
48134
48134
48134
48134
48134
48134
48134
48134
52360
65103
54604
46054
46022
29381
16804
48299
27271
44006
46086
46086
46118
48134
48134
48134
48102
48102
48134
48134
48134
48134
48134
48134
48134
48134
48134
48134
48134
48134
48134
48134
46086
48134
48134
48134
48134
48134
48134
48134
48134
48134
48134
48134
48134
48134
48134
46086
48134
48134
52359
65103
54604
46054
46054
29381
16804
50315
41929
48200
48232
48232
48264
48264
48264
48264
48231
48231
48231
48231
48231
48198
46150
48198
48166
48166
48166
48134
48134
48134
46054
48134
48167
48166
48166
48134
48134
48134
48134
48134
48134
48134
48134
48134
48166
48134
48134
46086
48134
48134
52359
63056
54636
48134
46086
29349
14756
48299
50379
52459
52459
52460
54540
54572
54604
54604
56653
56685
56717
56717
58766
58765
58797
58798
60846
58797
58765
58764
60844
60845
60844
56684
35591
48166
48166
48166
48166
48166
48166
48166
48166
48166
48166
48199
54505
54505
54473
54440
52392
52393
54538
63055
54666
46118
44039
8450
10531
37899
39979
42091
42091
44172
46220
48300
50380
50412
52492
52525
54605
54605
54637
56717
56717
56749
58797
58829
58830
58831
58862
60943
60909
58863
33543
48166
48166
48166
48166
48166
48166
48166
48166
48166
48166
50312
63022
65103
63023
63023
63022
65070
65103
65072
56653
44104
6305


0
0
32
32
32
32
32
2080
2112
2113
2145
2145
4193
4193
4225
4225
4225
6306
6338
8483
10564
14757
21062
58863
58863
33511
48166
48166
48166
48166
48166
48166
48166
48166
48166
48166
52392
65103
65103
65103
63056
63055
63056
63057
61008
48428
2145


























54735
60911
33511
48166
48166
48166
48166
48166
48166
48166
48166
48166
48166
52392
65103
50281
46087
46087
46088
35720
10564
6306
0



























54703
58863
33543
48166
48166
48166
48166
48166
48166
48166
48166
48166
48198
52392
65103
48232
43974
43942
41927
44139
21062
4258



























2145
58896
60911
33543
48198
48198
48166
48198
48166
48166
48166
48166
48198
48198
52392
65103
48265
44006
44039
54571
58797
58797
56782
46317
16837
6306























12644
44106
60975
60911
33543
48198
48198
48166
48166
48166
48166
48166
48166
48198
48198
52392
63023
50377
48199
54603
56652
58764
58764
58732
58765
56718
56816
16870




















10531
35720
46186
54571
60942
60911
33543
48198
48198
48198
48198
48198
48198
48198
48198
48198
48198
52392
63055
52491
52458
54570
54572
54604
54636
56683
56684
56685
43976
14691


















10531
37867
54637
58797
60877
58861
60941
58863
33543
48166
48198
50246
50246
48198
48198
48198
48198
48198
48198
52424
63023
63023
60878
56684
54538
52490
54571
54603
52523
46153
37671
14659

















0
54639
60846
60844
60877
60877
58796
54572
52490
39783
48198
48198
48198
50246
50246
50246
50246
50246
50246
50246
52392
63022
65103
65070
65103
65103
60910
56684
54572
46185
37703
37703
12643

















32
56783
58797
58797
50280
43942
46054
50246
50278
48198
50246
50278
50246
50278
50246
50246
50246
50246
50246
50246
50246
50279
56683
65070
65102
65103
65103
63056
63089
37703
37703
37703
12643

















32
56782
46218
44071
50279
50246
50278
50246
50246
50246
50246
50278
50246
50246
50246
50246
50246
50246
50246
50246
50246
50246
48198
50278
52359
56617
63022
65136
63089
37735
37703
37703
12643

















32
56782
44073
44040
50246
50278
50278
50246
50246
50246
50246
50278
50278
50278
50278
50278
50278
50278
50278
50278
50278
50246
50246
50278
50246
50246
48198
60909
63089
39815
39783
39783
14691

















32
58831
44106
44103
50278
50278
50278
50278
50246
50278
50246
50278
50278
50278
50278
50278
50278
50278
50278
50278
50278
50278
50278
50278
50278
50278
50278
60876
63088
39847
39815
39783
14691

















32
58830
44074
44071
50278
50278
50278
50278
50278
50278
50278
50278
50278
50278
50278
50278
50278
50278
50278
50278
50278
50278
50278
50278
50278
50278
50278
60876
63121
39847
41862
41862
14691

















2112
58830
44107
44071
50278
50278
50278
50278
50278
50278
50278
50278
50278
50278
50310
50310
50310
50310
50310
50310
50310
50310
50310
50310
50278
50278
50278
60877
63089
41895
41894
41862
14691

















2113
58830
44106
44072
50278
50278
50278
50278
50278
50278
50278
50278
50278
50278
50278
50278
50278
50278
50278
50278
50278
50310
50310
50310
50278
50278
50310
60877
63088
41894
41894
41894
14691

















2113
58830
44106
44072
50278
50278
52326
52326
52326
52326
52326
52326
52326
52326
52357
52357
52357
52326
52326
52326
50278
50278
50278
50278
52326
50310
50310
60877
63088
41926
43974
43974
14691

















2113
58798
44073
44072
50278
52326
52326
52326
52326
52326
52326
52326
52326
52326
50309
52357
52357
52326
52326
52326
52326
52326
52326
52326
50278
50309
50310
60877
63056
43974
44006
43974
14690

















2080
58798
44073
46120
50278
50278
50278
50278
50278
50278
50278
50278
52357
52325
50310
50310
50310
52326
50278
50278
50278
52326
52326
52326
50278
50278
50310
60876
65136
44006
44006
44006
14691

















32
58798
44074
46153
50310
52358
52358
52326
52358
52326
50278
50278
50278
50278
52357
50278
50278
52357
52326
52358
52325
52325
52326
52326
52326
52326
50310
60877
63056
46054
46054
46054
6305

















2112
58799
46154
46087
50278
50278
50310
52326
50279
52359
52359
52358
52358
52358
52358
52326
52358
52357
52358
52326
52358
52358
52358
52357
52357
52358
52358
60877
63023
46086
46054
23076


















2113
58830
58797
58764
58763
56683
56650
56618
56586
54505
54505
54473
52424
54504
54472
54472
52391
52391
52359
52327
52327
52327
50278
50278
50310
50310
50311
60877
63023
48134
44007
2112


















2080
56783
58831
58798
58862
60910
60910
60910
60910
60910
62958
62990
62990
62990
63022
63022
65071
65071
63022
63022
63022
62990
62990
60909
60878
58764
56652
62958
65071
46118
12611




















10531
18917
27335
31496
35753
42027
48300
52558
56751
58863
60911
60943
62991
63023
63023
63024
63055
63023
63054
63022
65102
65103
65103
65102
65102
65102
65103
63023
35686































0
32
32
4193
6338
12611
16836
18917
21030
23110
23142
25254
27367
33641
37866
44172
48365
44172
4193



