


























0
32
32
2113
4225
8419
12644
14757
16869
18982
21062
21094
23175
25287
29481
35787
37867
29482
32










0
0
32
32
2113
2145
4225
4225
4258
6338
6370
8451
10531
10563
16870
23176
33675
37900
42094
48432
54672
56785
56817
58897
58897
58897
58929
60976
60976
60944
60976
63055
63055
63055
63055
65103
65103
65103
60944
18884









33740
39980
39979
42059
44139
44172
46252
48365
50445
50445
52557
52590
52590
54669
54669
56717
56718
58798
58798
58830
58830
60877
60910
60878
60910
60910
60942
63022
62992
65072
65072
65072
65072
62992
62959
60911
58831
58798
63024
62991
35591
6338







2112
44172
46186
48266
48298
50346
50379
50411
52491
52491
54572
54604
54604
54637
56685
56717
54636
54604
54571
52458
50378
50346
46153
46121
46089
44041
41961
41961
41896
39848
39816
39784
37703
37671
37671
35591
35559
35591
37671
63023
62992
35591
31462
0






2145
44171
44073
41993
41961
41960
41928
39848
39848
39815
39783
37735
37703
35623
35623
35623
33543
33543
35591
35591
35591
35591
35559
35591
35591
35591
35591
35591
35591
35591
35591
35591
35591
35591
35591
35591
35591
35591
37671
63023
63024
37671
35623
23078
0





4258
44106
35655
31463
35591
35591
35591
35591
35591
35591
35591
35591
35591
35591
35591
35591
35591
35591
35591
35591
35591
35591
35591
35591
35591
35591
35591
35591
35591
35591
35591
35591
35591
35591
35591
35591
35591
35591
37703
63023
63056
37703
37703
37671
8418





8418
44106
31463
33511
35591
35591
35591
35591
35591
35591
35591
35591
35591
35591
35591
35591
35591
35591
35591
35591
35591
35591
35591
35591
35591
35591
35591
35591
35591
35591
35591
35591
35591
35591
35591
35591
35591
35591
37703
63023
63056
37703
37703
37703
29382





12611
44138
29351
33543
35591
35591
35591
35591
35591
35591
35591
35591
35591
35591
35591
35591
35591
35591
35591
35591
35591
35591
35591
35591
35591
35591
35591
35591
35591
35591
35591
35591
35591
35591
35591
35591
35591
35591
37671
63023
63056
37703
37703
37703
33543





14724
46186
27271
33543
35591
35591
35591
35591
35591
35591
35591
35591
35591
35591
35591
35591
35591
35591
35591
35591
35591
35591
35591
35591
35591
35591
35591
35591
35591
35591
35591
35591
35591
35591
35591
35591
35591
35591
37703
62991
63088
37735
37735
37703
33543





18916
46185
27271
33543
35591
35623
35623
35591
35591
35591
35591
35591
35591
35591
35591
35623
35623
35623
35591
35591
35591
35591
35591
35591
35591
35591
35591
35591
35591
35591
35591
35591
35591
35591
35591
35591
35623
35591
37703
62991
63056
39783
39783
39751
33543





21029
44106
25191
35591
35623
35623
35623
35591
35591
35591
35591
35591
35591
35591
35591
35591
35591
35591
35591
35591
35591
35591
35591
35591
35591
35591
35591
35591
35591
35591
35591
35591
35591
35591
35591
35591
35623
35591
37703
62991
63056
39783
39783
39783
33575





23110
44073
27271
35591
35623
35623
35623
35623
35623
35623
35623
35623
35623
35623
35623
35623
35623
35623
35623
35623
35623
35623
35623
35623
35623
35623
35623
35623
35623
35623
35623
35623
35623
35623
35623
35623
35623
35623
39751
62991
63089
39815
39815
39815
35623





25222
44041
27271
35623
35623
35623
35623
35623
35623
35623
35623
35623
35623
35623
35623
35623
35623
35623
35623
35623
35623
35623
35623
35623
35623
35623
35623
35623
35623
35623
35623
35623
35623
35623
35623
35623
35623
35623
39751
62991
63089
41895
41862
41862
35623





29415
44041
27271
35623
35623
35623
35623
35623
35623
35623
35623
35623
35623
35623
35623
35623
35623
35623
35623
35623
35623
35623
35623
35623
35623
35623
35623
35623
35623
35623
35623
35623
35623
35623
35623
35623
35623
35623
37703
62991
63089
41895
41862
41862
35655





33576
41961
27271
35623
35623
37671
35623
35623
35623
35623
35623
35623
35623
35623
35623
35623
35623
35623
35623
35623
35623
35623
35623
35623
35623
35623
35623
35623
35623
35623
35623
35623
35623
35623
35623
35623
35623
35623
39783
62991
63089
41895
41894
41862
37735





35753
39880
27271
35623
37671
37671
37671
37671
37671
37671
37671
37671
37671
37671
37671
35623
37703
37671
37671
37671
37671
37671
37671
37671
37671
37671
37671
37671
37671
37671
37671
37671
37671
37671
37671
37671
37671
37671
37735
62991
63121
41926
41926
41894
37735





37833
39881
29319
37703
37671
37671
37671
37671
37671
37671
37671
37703
37703
37703
37703
37703
37671
37671
37671
37671
37671
37671
37671
37671
37703
37703
37703
37703
37671
35623
37671
37671
37703
37671
37671
37671
37703
37671
37735
62990
63122
41926
41926
41894
37767





39946
39881
29351
37703
37671
37671
37671
37671
37671
37671
37703
37703
37703
37671
37671
37671
37671
37671
37671
37671
37671
37671
37671
37671
37671
35623
35623
37671
37671
37671
35623
37671
37703
37671
37671
37671
37671
37671
39815
62991
63122
41926
43974
41926
39815




0
42026
39881
31431
37703
37703
37703
37703
37703
37703
37703
37703
37703
41895
41928
44008
44040
44040
46120
46120
48201
48233
50345
52426
54507
56619
56685
58766
58798
60879
56717
29351
35623
37703
37703
37703
37703
37703
37703
37767
62991
63122
44006
44006
43974
39815




32
42026
37736
33511
37703
37703
37703
37703
37703
37703
37703
37703
37671
52459
54636
56717
56717
56717
56717
58765
60877
60878
60878
58829
60877
60910
60942
62990
63023
62991
58862
29383
35623
37703
37703
37703
37703
37703
37703
37767
62990
63122
44006
46054
44006
39815




2113
42026
35655
33543
37703
37703
37703
37703
37703
37703
37703
37703
37703
52491
54636
56685
56717
58766
58766
58765
58765
58766
58765
56749
56749
56684
54636
56684
56683
58829
63023
29384
35591
37703
37703
37703
37703
37703
37703
37767
62990
63122
44006
46086
46054
39847




6306
42026
33543
35623
37703
37703
37703
37703
37703
37703
37703
37703
37735
54572
58896
37735
35591
35591
35591
33543
33543
33511
33511
35559
35591
35623
37671
37703
39783
48201
62990
35688
33543
37703
37703
37703
37703
37703
37703
39815
62991
63122
46086
46086
46086
41895




10499
44106
29383
35655
37703
37703
37703
37703
37703
37703
37703
37703
39751
52492
58897
33543
33543
33543
31463
31431
31431
31463
31463
33479
33511
33543
35591
35623
37671
44008
62990
50412
31431
37703
37703
37703
37703
37703
37703
39815
62991
63154
46086
46118
46086
41927




14757
44106
27271
37703
37703
37703
37703
37703
37703
37703
37703
37735
39783
52492
56816
35623
35591
35591
35591
33543
33511
31431
29383
31431
31431
31431
31463
31495
31495
35655
63023
60911
29319
37703
37703
37703
37703
37703
37703
39815
62991
63122
48167
46118
46118
41927




21030
44106
27271
37735
37703
37703
37703
37703
37703
37703
37703
37735
37703
54572
52622
35623
35623
35623
35623
35591
35591
31463
4225
2145
2113
2113
2113
2112
2112
2112
52591
65103
52492
56685
58765
58797
58797
58797
58830
60910
65104
63154
48199
48198
48198
41960




23143
44106
27271
35687
37703
37703
37703
37703
37703
37703
37703
37703
39783
54637
50412
35655
35655
35623
35623
35623
35591
31462
0







29514
62957
62991
65039
65070
65070
65070
65070
65071
63055
63088
63154
48199
48198
48198
44040




27335
44074
27271
35687
37735
37735
37735
37735
37735
37735
37735
37703
41863
54637
46219
37703
37703
37671
35623
35623
37671
29382
0







6306
54637
56717
56717
54604
54636
54604
54540
52461
50413
50413
48398
46153
48199
48230
44072




29448
41961
29319
37735
37735
37735
37735
37735
37735
37735
37735
37735
39815
54605
46154
37703
37703
37703
37703
35623
37671
29382









2112
27271
33543
35591
33543
33511
31431
29351
29319
27239
25159
27239
44008
50279
46153
0



31528
39881
29319
37735
37735
37735
39783
39783
39783
39783
37735
39783
41927
54605
46186
37735
37703
37703
37703
37671
37703
27270











32
20997
35656
35623
33543
31463
29351
29319
27239
25159
25159
31431
42058




33608
39880
29351
39783
37735
39783
39783
39783
39783
39783
37735
39783
44072
54604
46154
39783
39751
37703
37703
37703
37703
23077













2112
8418
8418
8386
8386
6306
6306
6306
6274
4225
4193




35688
37768
31399
39750
39783
39783
39783
39783
39783
39783
39783
39783
48265
54604
46121
39783
39783
39751
39751
39751
37735
16803




























37769
35656
29351
39783
39783
39783
39783
39783
39783
39783
39783
39783
52458
54605
44008
39815
39783
39783
37735
39783
37735
10498




























41929
35656
31431
39783
39783
39783
39783
39783
39783
39783
39783
39783
52491
56685
43975
41863
41862
41862
39815
41862
39815
6306
0
0


























41962
35656
31463
39783
39783
39783
39783
39783
39783
39783
39783
39783
54540
56685
41895
39815
41862
44039
50378
54571
56684
50445
48366
46285
46253
42093
23176
2113





















0
44041
35624
33543
39815
39783
39783
39815
39815
39783
39783
39783
39815
52524
54637
41927
48265
54571
56717
56717
56717
58797
60877
60878
60878
60878
60911
60911
58896
48398
33674
16870
0

















32
44041
35624
35623
39847
39815
39815
39815
39815
39815
39815
39815
39815
54603
54636
52491
56685
56718
56750
52491
50379
50379
48266
50378
52459
54572
56684
58764
60941
60942
62991
58895
50445
23142
8419
0














2112
41993
33543
37703
39847
39815
39815
39815
39815
39814
39815
39815
41895
54604
54636
54636
54605
50347
35591
37703
39815
39815
39815
39815
39815
39814
39815
39783
46087
56684
62991
62991
62991
58764
48232
39848
4225
0












6306
41993
31431
39783
39815
39815
39815
39815
39815
39815
39815
39815
41927
54604
54604
50378
33511
39815
39815
39815
39815
39815
39815
39815
41862
39815
41894
39815
39783
39814
43975
56652
62959
62991
60877
48167
46152
33639
2080











10531
41993
29351
39815
41862
39814
39815
39815
39815
39815
39815
39815
44008
54572
41897
35623
39815
39815
39847
39815
39815
39815
39815
39815
39815
39815
39815
39815
39815
41863
41863
41863
50313
62991
62991
60877
48166
48198
39879
12611










16869
44041
29319
39815
41862
39815
39815
39815
39815
39815
39815
39815
44007
41895
37703
41863
39815
39815
39815
39815
39815
39815
39815
39815
39815
39815
39815
41863
41863
41862
41863
41862
41862
48200
62991
63023
58796
46118
46118
44071
12611









25255
44073
29319
39815
41862
41863
41863
41862
41862
41863
41863
39815
41862
41894
41862
41862
41862
41862
41862
41862
41862
41862
41862
41862
41862
41862
41862
41862
41862
41862
41862
41862
41862
41862
46120
63023
63022
52457
46086
46086
44040
6306








31496
44041
27239
41863
41862
41862
41862
41862
41862
41862
41862
41862
41862
41862
41862
41862
41862
41862
41862
41862
41862
41862
41862
41862
41862
41862
41862
41862
41862
41862
41894
41862
41862
41862
41894
48200
63055
65103
48232
46086
46086
44007
2113







35689
41993
29319
41863
41862
41862
41862
41862
41862
41862
41862
41862
41862
41862
41862
41862
41862
41862
41862
41862
41862
41862
41862
41862
41862
41862
41862
41894
41862
41862
41862
41862
41862
41894
41862
41894
56651
63023
58861
43974
44006
44006
27269






0
37801
41961
31399
41894
41862
41862
41862
41862
41862
41862
41862
41862
41862
41862
41862
41862
41862
41862
41862
41862
41862
41862
41862
41862
41862
41862
41862
41894
41862
41862
41862
41894
41894
41894
41894
41894
43942
60910
63055
46120
37606
39686
37639
8418





0
39914
39880
31431
41862
41862
41894
41894
41894
41894
41894
41894
41894
41894
41894
41894
41894
41894
41894
41894
41894
41894
41894
41894
41894
41894
41894
41894
41894
41894
41894
41894
41894
41894
41894
41894
41894
41862
52394
63022
56717
35495
35495
35495
25158
0




32
39914
37736
33543
41894
41862
41894
41894
41894
41894
41894
41894
41894
41894
41894
41894
41894
41894
41894
41894
41894
41894
41894
41894
41894
41894
41894
41894
41894
41894
41894
41894
41894
41894
41894
41894
43942
41862
41862
58796
63023
37671
35559
37607
37639
10531




2113
41961
35623
33575
41894
41894
41894
41894
41894
41894
41894
41894
41894
41894
41894
41894
41894
43942
41894
41894
43942
41894
41894
41894
41894
41894
41894
41894
41894
41894
41894
41894
41894
41894
41894
41894
41894
41894
41894
52426
63023
60877
39782
41862
43878
31397




4193
41961
33543
35623
41894
41894
41894
41894
41894
41894
41894
41894
41894
41894
41894
41894
41894
41894
41894
41894
43942
43974
41894
41894
41894
43942
41894
41894
41894
41894
41894
41894
41894
41894
41894
41894
43942
41894
41894
43942
63023
63023
44007
44006
46022
41927
32



4225
41961
31463
35623
41894
41894
41894
41894
41894
41894
41894
41894
41894
41894
41894
41894
41894
41894
41926
43975
46087
46055
41894
41862
41894
41894
41926
41894
41894
41894
41894
41894
41894
41894
41894
41894
43942
41894
43942
41926
54539
65136
50378
48231
48231
48199
27302



6305
41961
31464
35623
41894
41894
41894
41894
41894
41894
41894
41894
41894
43942
43974
43974
43975
50377
58764
58764
58764
58798
58798
52459
35591
39783
41894
41895
41926
43942
41894
41894
43942
41894
41894
41894
41894
41894
41894
41894
48233
63055
63089
56684
56683
56683
52523
32


6305
41961
31432
37671
41894
43942
43942
43974
43974
43974
43974
41894
41894
43974
43942
48200
54604
56684
56717
58765
58797
58798
58797
58797
58797
44009
35591
41895
41926
41894
43942
41926
43942
43942
43942
43942
43942
43942
43942
41926
44006
63023
63088
63056
63055
65102
60975
6338


8386
41929
29384
39783
43974
41926
43974
43974
43974
43974
43974
43974
43974
43942
46055
54604
54637
56750
46218
41961
39881
39849
44041
54637
58862
58862
44010
35623
41926
41894
43974
41926
43942
43942
43942
43942
43942
43942
43974
43974
41926
56651
63056
63024
62990
62990
63022
12643


8418
44009
29383
41831
43974
43974
43974
43974
43974
43974
43974
43974
43974
44007
54539
54605
50413
33543
31399
29351
31399
29351
29319
14659
16869
52590
58831
33543
41894
43942
43974
43974
43974
43974
43974
43974
43974
43974
43974
43974
43974
48168
65103
60943
58829
58797
58797
31561


12611
41992
29351
41863
43974
43974
43974
43974
43974
43974
43974
43974
43974
48232
54572
54703
27271
27239
27239
25191
25191
25191
14724


14757
58863
54605
31399
41894
43974
43974
43974
43974
43974
43974
43974
43974
43974
43974
43974
44007
65104
63057
54572
54570
54571
48364
0

16837
44041
27271
41895
43974
44006
43974
43974
43974
43974
43974
43974
43942
54539
52525
31464
25191
27239
27271
27271
29351
29319
32



35753
58829
27239
41863
43974
43974
43974
43974
43974
43974
43974
43974
43974
43974
44006
44006
63023
65169
48265
50312
48232
46250
2113

25223
41992
41961
44073
44072
46121
46120
46088
43974
41894
41894
41862
46088
54572
56751
35591
35623
35623
37671
37703
37735
27237




14724
60911
48331
35623
43974
43974
43974
43974
43974
43974
43974
43974
43974
43974
43974
44006
62958
65137
44040
43942
41927
41959
8386

23175
39978
41994
44106
46185
46186
48266
48266
50346
50378
52426
52459
52459
54572
48233
41894
41926
41926
43974
43974
44007
16803




0
54639
58831
29319
43974
46022
43974
44006
44006
44006
43974
43974
43974
43974
43974
43974
60813
63056
44074
37671
37703
37671
10498


2113
8419
14757
23175
29480
33640
35753
37866
44139
48331
50411
52524
52556
41895
43974
39846
35686
31494
29381
27269
2112





25255
60942
33512
39815
46054
44006
44006
44006
44006
43974
43974
43974
44006
44006
43974
54441
63055
50380
39782
37735
39783
14691












0
32
2112
32
0











12611
58862
37737
35655
43974
44006
44006
44006
44006
43974
43974
43974
44006
44006
46054
48102
65136
54605
41894
41894
41894
16803




























6306
60910
46186
33575
44006
44006
43974
43974
43974
44006
43974
43974
44006
44006
43974
46054
63023
54637
41926
41926
43942
20963




























32
60879
54669
31463
46054
46054
46054
46054
46054
46054
46054
46054
46054
44006
44006
46054
62991
54670
41894
43942
43942
23076





























52494
58895
29351
46022
46054
46054
46054
46054
46054
46054
46054
46054
46054
46054
46054
62990
56750
41894
43942
43942
25156





























37835
60975
29319
44006
46054
46054
46054
46054
46054
46054
46054
46054
46054
46054
43974
60942
58927
43975
43974
43942
27269





























18917
60942
29319
44006
46054
46054
46054
46054
46054
46054
46054
46054
46054
46054
46054
60942
61008
41927
43974
43942
27269





























12611
60942
31463
44006
46054
46054
46054
46054
46054
46054
46054
46054
46054
46054
46054
60942
63089
41894
43974
43974
27269













0
32
2113
4225
8419
14757
16902
18950
18950
8418






10499
60910
33544
44006
46054
46054
46054
46054
46054
46054
46054
46054
46054
46054
46054
60910
63121
41895
43942
43974
27269






32
4258
8451
14757
29448
44172
50478
54703
56784
56816
58864
56783
54638
50411
41992
41959
20997






8451
60910
33544
44006
46054
46054
46054
46054
46054
46054
46054
46054
46054
46054
46054
60909
63154
43975
43974
43974
27269



4225
21095
42093
48398
52589
52589
56718
56718
58765
58766
56685
56718
52426
46086
46054
46054
46054
43974
43974
23044






10531
60910
33544
43974
46086
46086
46086
46086
46086
46086
46086
46086
46086
46086
46054
60877
63122
41895
43974
41894
25157
12644
33641
41962
42058
44106
44138
46185
48298
48298
50346
50379
52459
52491
54540
54605
48232
46054
46086
46054
46054
43974
43974
23076






14756
60910
31463
44007
46086
46086
46086
46086
46086
46086
46086
46086
46086
46086
46054
60909
63121
41895
43942
41894
23076
21029
41928
44009
44072
46120
46152
48233
48266
48298
50378
50378
52459
52459
52492
54637
46152
46086
46054
46054
46054
43974
41926
23076






21062
60910
31399
44039
46086
46086
46086
46086
46086
46086
46086
46086
48134
48134
46086
60910
61041
41895
43974
43974
20932
21029
39880
35656
44007
44007
44039
44039
46087
46087
46086
46086
44038
46086
50313
54605
46185
44006
44006
44006
43974
41894
41894
27301






31528
60943
29319
46087
46086
46086
46086
46086
46086
46086
46086
46086
48134
48134
48134
60942
61008
41927
43974
43974
16803
18949
39848
27239
46087
46086
46086
46086
46086
46086
46086
46086
46118
48134
50313
54605
48298
44006
43974
43974
43942
39782
39783
33574






46284
58895
29351
46118
46086
46086
46086
46086
46086
46086
46086
46086
48134
48102
48134
63055
56782
41959
43974
41926
14691
18917
41896
27271
46086
46118
46118
46086
46118
48134
48134
48134
46118
48134
50280
54572
52524
41926
41894
41894
39783
37703
35623
35591
2113




32
56750
54669
31463
46118
48134
48134
48134
48134
48134
48134
48134
46086
48134
48166
46118
65103
54670
41926
43974
41926
10530
18917
39848
27271
46086
48166
46118
48166
48166
48166
48166
48166
46118
48134
48199
54572
58864
39815
39783
37703
35623
35591
33511
31431
14724




6306
60911
44073
35655
46086
48134
48134
48134
48134
48134
48134
48134
48166
48166
48134
48166
65136
52589
41958
43974
43975
4225
16804
41928
27271
44038
48166
48166
48166
48166
48166
48166
48166
48166
48134
48167
54571
56750
37703
35623
35591
33511
29351
27271
25191
23111
32



12612
60879
35657
37767
48198
48166
48166
48166
48166
48134
48134
48134
48166
48166
48134
52360
63056
52589
41958
44006
41927
0
14724
41928
27271
44007
48166
48166
48166
48166
48166
48166
48166
48166
48166
48166
52458
54605
37704
33479
31399
27271
25191
25191
25191
25191
20998
0


27368
60911
31464
41927
48166
48166
48166
48166
48166
48166
48166
48166
48166
48166
48134
58731
60975
50444
44006
43974
31494

12644
41929
27271
41927
48166
48166
48198
48166
48166
48166
48166
48166
48166
48166
50344
54571
41929
27271
25191
25191
25191
27271
27303
31431
29383
27238
32
32
56718
58863
29319
46119
48166
48166
48166
48166
48166
48166
48166
48166
48166
48166
48166
62958
63088
46185
44006
44007
12611

10531
41961
31431
41896
48166
48198
48166
48198
48198
48198
48198
48166
48166
48166
50247
54571
54638
29351
25223
27271
29351
31431
31463
33511
33543
37703
35590
39881
60944
41961
39815
48198
48166
48198
48198
48198
48198
48198
48198
48198
48198
48166
48134
62990
63154
41992
41926
35655
4225

4225
39913
35688
37703
48198
48166
48166
48198
48198
48198
48198
48198
48198
48166
48166
54538
54604
46220
31431
31431
33511
33511
35591
35623
37703
39783
44008
58830
56750
27239
46087
48166
48198
48198
48198
48198
48198
48198
48198
48198
48166
48198
50279
65103
58928
33575
29319
23111
32

0
37800
39913
31399
48199
50214
48166
48198
48198
48198
48198
48198
48198
48198
48198
48198
54603
54604
48331
35623
35623
37671
37703
39815
41895
46087
58764
60911
48300
37671
48166
48166
48166
48198
48198
48198
48198
48198
48198
48198
48166
48198
52359
63056
42027
23143
25191
16805



25255
41993
29319
48167
50214
48166
48166
48166
48166
48166
48198
48198
48198
48166
48198
50312
56683
56716
56750
50378
44007
41927
46119
56652
60910
60846
54572
33479
48199
48166
48166
48166
48166
48166
48166
48166
48166
48166
48198
48166
48166
58764
63057
35690
25191
25223
32



8451
41993
31432
39847
48198
48198
48198
48198
48198
48198
48198
48198
48198
48198
48198
50246
52392
56683
56684
56717
58797
58797
58797
60910
58797
56652
35591
46087
48166
48198
48198
48198
48198
48198
48198
48198
48198
48166
48198
48166
50278
65103
63090
29351
31399
25190




4193
41961
37736
35623
48167
48166
50246
50246
50246
50246
50246
50246
50246
50246
50246
50246
48166
50279
54537
56651
58764
58797
58797
56683
46122
39783
46119
50246
50246
50246
48198
48198
50246
50246
50246
50246
50246
50246
48198
48198
54472
63055
60977
33543
39751
10531




0
35753
44042
29351
46151
50310
50246
50246
50246
50246
50246
50246
50246
50246
50246
50246
50246
50246
48166
50246
50278
50311
48198
48166
48198
48198
50246
50246
50246
50246
50246
50246
50246
50246
50246
50246
50246
50246
50246
48198
58731
63056
41960
41927
33510






8451
44106
33609
37735
48199
50246
50246
50246
48198
50246
50246
50246
50246
50246
50246
50246
50246
50246
50246
50246
50246
50246
50246
50246
50246
50246
50246
50246
50246
50246
50246
50246
50246
50246
50246
50246
50246
50246
50278
65104
58896
41959
44006
12611







37801
41993
31399
48199
50246
50246
50246
48198
50246
50246
50246
50246
50246
50246
50246
50246
50246
50246
50246
50246
50246
50246
50246
50246
50246
50246
50246
50246
50246
50246
50246
50246
50246
50246
50278
50278
50246
58698
63056
58863
46086
29349
0







21030
44106
37736
37703
50278
50278
50278
50246
50246
50246
50246
50246
50246
50246
50246
50246
50278
50278
50246
50278
50278
50278
50278
50246
50246
50246
50246
50246
50278
50278
50278
50246
50246
50246
50246
50246
50278
63022
63056
44039
41927
4193








0
37834
46153
29351
46119
50278
50278
50246
50278
50278
50278
50278
50278
50278
50278
50278
50278
50278
50278
50278
50278
50278
50278
50278
50278
50278
50278
50278
50278
50278
50278
50278
50278
50246
50246
50246
58731
65103
56750
39847
6338










16837
44106
44073
33479
48198
50278
50246
50278
50278
50278
50278
50278
50278
50278
50278
50278
50278
50278
50278
50278
50278
50278
50278
50278
50278
50278
50278
50278
50278
50278
50278
50278
50278
50278
50279
65071
63056
44041
20997











0
33673
46153
39847
35655
48231
50310
50278
50278
50278
50278
50278
50278
50278
50278
50278
50278
50278
50278
50278
50278
50278
50278
50278
50278
50278
50278
50278
50278
50278
52326
50278
50278
50310
63021
63023
50444
23110













4225
46187
46217
37736
37735
50246
52326
52357
50278
50278
50278
50278
50278
50278
50278
50278
50278
50278
50278
50278
50278
50278
50278
50278
50278
50278
50278
50278
50278
52326
52326
50278
58698
62990
63089
25222
0














12612
46187
48299
39816
39751
50279
50278
50310
52326
52326
52326
50278
50278
50278
50278
50278
50278
50278
50278
50310
50278
50278
50278
50278
50278
50278
50278
50278
52326
50278
56617
63023
63057
31528
2080
















21062
46219
50378
41928
37735
48231
50310
50278
52326
52326
52326
52326
52326
52326
52326
52357
52357
52357
52357
52326
52326
52326
52326
52326
52326
52326
50278
52326
56585
63022
63056
46285
2080


















23142
48299
48332
48298
33511
48231
50310
52358
50310
52357
52358
52326
52326
52358
52358
52358
52357
52357
50278
52326
52358
50278
52358
52358
50278
50310
58698
62990
60975
50478





















18917
50379
50380
50379
41928
39783
50311
50310
50310
50310
52326
52358
52358
52357
52357
52325
52325
52326
52358
52358
50278
52358
52326
52391
60844
62990
63024
39947
2080






















12611
46219
52460
52492
50378
44009
41927
48199
50310
52358
52358
52358
52358
52358
52358
52326
52326
52358
52358
52358
52391
58698
62957
62990
63024
33609
32
























0
31496
50412
52524
54605
54636
46153
46088
50279
48199
50278
50278
50278
52359
52359
52391
54472
56585
58731
60909
62990
63023
54637
18884




























2112
39882
52493
52524
54637
54636
56717
58797
58764
58732
58764
60844
60877
62925
62925
60910
60942
60910
58831
33608































0
4225
18917
48333
54638
56685
58766
58765
58765
58797
60845
58798
58829
58830
58863
50445
14691
4193



































0
6306
16804
21030
27336
31528
33608
31496
27335
21029
14724
2145





















