



















32
16837
23175
33707
44206
52624
56817
56817
54704
46286
33674
25256
12677
32

































0
6338
29513
56816
58831
60910
60910
60910
62990
62991
62990
62990
63022
63023
63023
60976
58930
31594
8418
32





























2080
44173
56718
58829
60909
60911
58863
56717
50379
46185
44072
46153
48266
54540
58798
63024
63022
63023
63024
60976
54704
12676


























32
33707
52624
58830
58797
56717
41961
39784
35591
35559
35591
35591
35591
35591
35591
33543
33543
35655
41928
48233
60942
63022
63055
60976
46253
6338























10531
42124
56749
56750
52492
39881
33511
33511
35559
35591
33543
35591
35591
35591
35591
35591
35591
33543
35591
35591
35591
35591
44041
56685
63023
63024
60977
10498





















10531
50543
56750
54637
41961
31431
35591
33511
33543
35591
35591
35591
35591
35591
35591
35591
35591
35591
35591
35591
35591
35591
35591
35623
35559
44040
63022
63056
33575
4225



















4258
52623
56685
52524
29319
35623
35591
35591
35591
35591
35591
35591
35591
35591
35591
35591
35591
35591
35591
35591
35591
35591
35591
35591
35591
35591
37703
63022
63056
35591
33543


















6338
52591
56685
48267
31431
33575
35623
35591
35591
35591
35591
35591
35591
35591
35591
35591
35591
35591
35591
35591
35591
35591
35591
35591
35591
35591
35591
39816
63023
56718
37703
35623
29382
0















6306
48398
54636
46186
31431
35591
35623
35623
35591
35591
35591
35591
35591
35591
35591
35591
35591
35591
35591
35591
35591
35591
35591
35591
35591
35591
35591
35591
41929
65104
46185
37703
37703
35655
23109
0













0
35754
54604
50379
31431
35591
35623
35591
35591
35591
35591
35591
35591
35591
35591
35591
35591
35591
35591
35591
35591
35591
35591
35591
35591
35591
35591
35623
35591
44009
63056
41929
37703
37703
37703
35655
8418













29448
52556
50411
27271
35623
35623
35623
35623
35591
35591
35591
35591
35591
35591
35591
35591
35591
35591
35591
35591
35591
35591
35591
35591
35591
35591
35591
35591
35591
50346
60943
44040
39783
39751
37703
37703
10466












2112
50445
52557
31463
35623
35623
35623
35623
35623
35623
35623
35623
35623
35623
35623
35623
35623
35623
35623
35623
35623
35623
35623
35623
35623
35623
35623
35623
35623
37671
58798
63024
41927
39815
39783
39751
37703
6337











0
42027
54605
39849
33511
35623
35623
35623
35623
37671
35623
35623
35623
35623
35623
35623
35623
35623
35623
35623
35623
35623
35623
35623
35623
35623
35623
35623
35623
35623
35623
63056
63056
39847
39815
39814
39782
37735
2145











10531
52493
48234
31399
35623
35623
35623
35623
35623
35623
35623
35623
35623
35623
35623
35623
35623
37671
37671
37671
37671
35623
35623
35623
35623
35623
35623
37671
37671
35623
39783
63056
63122
39847
41894
41862
41862
37767
32










32
50413
52492
33511
35591
37671
35623
37671
35623
37671
37671
37671
37671
37671
37671
37671
37671
37671
37671
37671
37671
37671
37671
37671
37671
37671
37671
37671
37671
37671
37671
44040
61008
58863
41926
41894
41894
41862
35655











14691
54539
41961
33479
37671
37671
35623
37671
37671
37671
37671
37671
37671
37671
35623
35623
37671
35623
37671
37671
37671
37671
37671
35623
37671
37671
37671
37671
35623
37703
35623
48266
63089
46185
43974
43942
41894
41894
21029











42027
52492
29351
35623
37671
37671
37671
37671
37703
37703
37703
37703
37703
37703
35623
37671
37671
37703
37671
37703
39815
39847
39815
37703
35623
35623
37703
35623
35655
35655
35623
50347
63089
41959
43974
43974
43974
41894
8386










12611
52460
44106
31431
37703
37671
37671
37671
37671
37671
37671
37671
37671
37671
37671
37671
37703
39751
48233
54604
58830
63023
60943
62991
60943
58797
52459
46186
37735
35623
35655
35623
54571
61008
41958
44006
43974
43974
43974
2112










31496
52459
25191
35591
37703
37703
37671
37671
37671
37671
37671
37671
37703
37671
37703
37703
41928
58797
60910
60910
60942
62990
60910
62990
62991
62991
62991
63023
63023
54603
37736
37671
60878
58895
44070
46054
46054
43974
43974
2112









0
50412
46187
27271
37703
37671
37703
37703
37703
37703
37703
37703
37703
37671
37703
37703
44040
58830
58798
58863
54605
44040
37703
37671
37703
41927
50347
58799
62991
63023
65104
63024
60943
62991
58895
44070
46086
46086
44006
37734
32









16836
50379
35688
35623
37703
37703
37703
37703
37703
37703
37703
37703
37703
37703
37703
44009
58830
58831
50412
35624
31431
31431
31431
31399
31431
31431
31431
33479
33543
39881
56750
63024
63024
63056
58928
46118
48134
46086
46086
37765










35753
48299
27271
37703
37703
37703
37703
37703
37703
37703
37703
37703
37703
37703
39783
56717
58830
48299
31431
29351
29351
29351
29351
29351
29351
29351
29351
29351
29351
29351
31399
37736
52492
61009
56750
48166
48166
46118
48134
33573










46187
41993
29383
37703
37703
37703
37703
37703
37703
37703
37703
37703
37703
37703
52459
58798
50412
29319
27239
27271
27271
27271
27271
27271
27271
25223
25191
18917
16805
16805
16805
18885
23078
31496
44106
50246
48166
50214
48166
23077









2113
50380
37769
35591
37703
37703
37703
37703
37703
37703
37703
37703
37703
37735
41895
58798
54670
25191
25191
25191
25191
25191
25191
25191
25191
23111
14725







0
10499
29350
46153
48198
48198
6306









29448
50380
31431
37703
39751
37703
37703
37703
37703
37703
37703
37703
37703
39783
54572
56750
39914
25159
23111
25191
25191
25191
25191
25191
23143
6306










0
4193
31527
44137









0
44171
46187
29351
37703
39751
37703
37703
37703
37703
37735
37703
37703
37703
39815
56717
56719
29319
27271
27271
27271
27271
27271
27239
27271
6338














6338









2145
46282
37768
33511
37703
37703
37735
37735
37735
37735
37735
37735
37735
37735
48200
58798
42026
29351
29383
29383
29383
29383
31399
29351
16804

























6338
48330
33544
33543
37735
37735
37735
37735
39783
39783
37735
37735
37735
37735
56717
56750
37768
33511
33511
33543
33511
33511
33511
31463
2080

























10531
48298
31463
37703
37735
39783
37735
39783
39783
37735
37735
37735
37735
41895
56717
60976
35623
35623
35623
37671
35623
37671
35623
18916


























23142
50411
29319
37735
37735
39783
39783
39783
39783
39783
39783
37735
39783
44008
56750
48298
37703
37703
37703
39751
37703
39751
35655
0


























39914
50411
29319
39783
39783
39783
39783
39783
39783
39783
39783
37735
39783
48201
56750
41960
39815
41830
39814
39815
39815
39815
27301


























0
46219
44105
33511
39815
39783
39783
39783
39783
39783
39783
39783
39815
39783
52426
56719
44072
41894
41862
41894
41894
41894
41927
29382
10564
10563
12611
10563
8419
2113
0



















2145
48299
37768
35623
39815
39783
39783
39783
39783
39783
39783
39783
39815
37735
56652
58799
44039
43942
43974
43974
44006
54507
60845
60942
58863
58862
58861
58862
58863
58864
52656
18983
32
0
















10499
48299
31463
35623
39815
39782
39783
39783
39783
39783
39783
39783
39815
39815
56718
58864
43975
46022
48167
56684
58797
60878
60878
60910
60879
58798
60878
60879
60910
60910
60911
60943
56816
48430
25321
32














14724
48298
29319
35655
39815
39815
39815
39815
39815
39815
39815
39783
39783
41895
56718
61009
46087
54505
58764
58797
58798
56717
48234
46121
43975
41895
41927
44007
46121
48266
52458
60878
60910
63023
60976
52589
31559
10531












16804
48298
29351
37703
39815
39814
39815
39815
39815
39815
39815
39814
39782
41927
56685
60976
54603
58797
58830
52524
41896
37671
39783
39783
39751
37735
39815
41959
41959
37735
39815
41895
52426
62959
65071
63022
58762
54570
33608
4257










18916
48266
27271
37735
39815
39815
39815
39815
39815
39815
39815
39815
39815
44039
56717
56782
56749
56717
41993
35591
39815
39815
39815
39815
39783
37735
39847
41896
39815
39783
39815
39783
39783
41895
58829
62990
65102
58730
52456
50410
16836









18949
48267
27303
39783
39815
39815
39815
39815
39815
39815
39815
39815
39814
46152
56717
56749
56750
33511
37735
39815
39815
39815
39815
39815
39783
39815
41895
41895
39783
39815
39783
39783
39783
41862
41862
56620
65104
63022
48198
50278
48263
25189








21029
48234
27271
39815
39815
39815
39815
39815
39815
39815
39815
41862
41863
48233
56717
54605
33511
39783
39815
39815
39815
39815
39815
39847
37767
39783
39815
39847
39783
39815
39847
39783
39783
39815
41862
41862
54572
63023
62990
41863
41894
44038
20996







23109
48234
27303
39815
41862
41863
41863
41863
41863
41863
41863
41862
41862
48266
52524
31431
39783
39815
41862
39847
39815
41863
39815
39815
39815
39783
39783
39783
39815
39815
44007
39783
39783
39815
39815
41862
41895
58797
65104
52524
33479
35559
35623
6338






23142
46154
27271
41862
41862
41862
41863
41863
41863
41863
41863
41862
41894
48233
35623
39815
41894
41894
41862
41894
41862
41862
41862
41863
39815
39815
39815
39783
39815
39815
41959
39815
39815
39815
39815
41862
41862
43975
63055
63023
46217
39783
35559
29351
2080





25222
46185
27239
41894
41862
41862
41862
41862
41862
41862
41862
41862
41862
41862
41862
39815
41894
41894
41894
41862
41894
41862
41862
41862
39814
39814
39815
39783
41927
44007
41927
39815
39815
41894
41894
41894
41894
41862
48199
63055
60942
50312
46086
43942
18916





27302
46185
27239
41894
41862
41894
41894
41862
41862
41862
41862
41862
41894
41894
41894
41894
41894
41894
41894
41862
41894
41894
41862
41894
41862
39815
39815
39815
41895
41927
39815
39815
39815
41894
41894
41894
41862
41862
41862
60910
63055
63055
60910
58732
50410
6338




27335
46153
27239
41895
41862
41894
41894
41894
41862
41862
41894
41894
41894
41894
41894
41894
41894
41894
41894
41894
41894
41894
41894
41862
41862
39815
39815
39815
39815
39815
39815
39814
41862
41894
41894
41894
41894
41894
41862
48200
63055
65104
62991
65071
63021
35721




29383
46153
27239
41894
41894
41894
41894
41894
41894
41894
41894
41894
41894
41894
41894
41894
41894
41894
41894
41894
41894
41894
41862
41862
41862
41862
41863
41863
41862
41862
39815
41862
41862
41894
41894
41894
41894
41894
41894
41862
58797
65103
60878
60878
62957
60911
2113



29415
46153
27239
41895
41894
41894
41894
41894
41894
41894
41894
41894
41894
41894
41894
41894
41894
41894
41894
41894
41894
41894
41894
41894
41894
41862
41894
41862
41862
41894
41894
41894
41894
41894
41894
41894
41894
41894
41894
41862
50346
63023
63055
54602
58699
58764
31560



29415
44137
29287
41894
41894
41894
41894
41894
41894
41894
41894
41894
41894
41894
41894
41894
41894
41894
41894
41894
41894
41894
41894
41894
41894
41862
41894
41894
41894
41894
41894
41894
41894
41894
41894
41894
41894
41894
41894
41894
43942
62991
63023
48231
50312
52424
44073



29415
44137
29287
41894
41894
41894
41894
41894
41894
41894
41894
41894
41894
41894
41894
41894
41894
43942
43942
43942
43942
43974
43974
43974
41863
41895
41894
41894
41894
43942
41894
41894
41894
41894
41894
41894
41894
41894
41894
41894
41862
54507
63055
41928
37703
41927
44072
32


29415
44137
27239
41926
41894
41894
41894
41894
41894
41894
41894
41894
41894
41894
41894
41894
41894
43942
46087
52393
58732
60877
60910
60878
54572
44041
37703
41894
41894
41894
41894
43942
41894
41894
41894
41894
41894
41894
41894
41894
43942
48200
65104
60976
33543
33511
35591
18917


29415
44137
29287
41926
43942
41894
41894
41894
41894
41894
41894
41894
41894
41894
41926
41894
43975
54571
60877
60878
58829
60910
60910
60910
60910
60910
56651
33479
41927
41894
43942
43942
41894
41894
41894
41894
41894
41894
41894
41894
41894
43974
63055
63089
35655
35591
35591
31463
0

29415
44137
29287
41926
43974
41926
43974
43974
43974
43974
43974
43974
43974
43974
41894
43975
58765
58797
58798
58831
52556
44073
39848
41928
52525
58896
60943
54572
31399
41927
41894
43974
43974
43974
43974
43974
43974
43974
43974
41926
41926
43974
56651
63088
41962
35623
35623
33543
2113

29383
44137
29287
43974
43974
43974
43974
43974
43974
43974
43974
43974
43974
43942
44007
58732
58765
56717
37769
27271
27271
27239
27239
27239
14660
8451
46285
60911
48267
35591
43975
43974
43974
43974
43974
43974
43974
43974
43974
43974
43974
43974
48200
63056
46186
37671
37671
35655
6305

29382
44138
29287
43974
43974
43974
43974
43974
43974
43974
43974
43974
43942
43974
54539
58765
54604
33543
29351
31399
31399
29351
29351
10499


4193
54638
60910
29287
41895
43974
43974
43974
43974
43974
43974
43974
43974
43974
43974
43974
46087
63023
56718
37703
37671
37703
14691

27334
44138
29287
43974
43974
43974
43974
43974
43974
43974
43974
43974
43942
48233
56684
56685
35591
35591
33543
33511
35591
35623
18884




21030
62959
48266
35623
41926
43974
43974
41926
43974
43974
43974
43974
43974
43974
43974
44006
60943
63121
37703
37703
37703
27237

27334
44138
29287
43974
43974
43974
43974
43974
43974
43974
43974
43974
43974
52426
58765
43975
39783
39783
39847
41927
41927
44008
6338




0
54703
62991
31399
41959
43974
43974
43974
43974
43974
43974
43974
43974
43974
43974
44006
62991
63089
39847
37735
39751
35623

27302
44138
29287
43974
43974
43974
43974
43974
43974
43974
43974
43974
43974
52426
56717
44006
44006
46054
46054
46054
46086
44039
6306





18982
62991
33577
37735
43974
43974
43974
43974
43974
43974
43974
43974
43974
43974
43974
58764
63121
44105
39815
39750
37735
2112
27302
44137
29287
44006
43974
43974
44006
43974
43974
43974
43974
43974
43974
52426
56717
46086
46086
46022
46054
46054
46054
46086
6306





8451
63056
46155
35623
43974
43974
43974
43974
43974
43974
43974
43974
43974
43974
43974
50280
63089
50476
39815
41830
39783
6305
29383
44137
29287
44006
43974
46022
44006
43974
43974
43974
43974
43974
43974
52426
58798
44006
46054
46054
46054
44006
46054
46054
6337





32
60976
60912
31431
44006
43974
43974
43974
43974
43974
43974
43974
43974
43974
43974
46054
63056
52557
41862
41862
39815
10498
29383
44137
29287
44006
43974
43974
43974
43974
43974
43974
43974
44006
44006
52426
58798
44006
44006
46022
46054
44006
46054
44006
8386






48366
63024
29351
44007
43974
44006
43974
43974
43974
43974
43974
43974
43974
44006
46054
63088
52589
41894
41894
41862
12611
29383
44137
29287
44006
44006
43974
44006
43974
43974
43974
43974
44006
44006
52426
58830
43974
44006
46022
43974
44006
43974
43974
8418






12612
63023
33608
41927
44006
43974
43974
43974
43974
43974
43974
43974
43974
43974
46022
63023
54638
41894
43942
41894
16771
27303
44137
29287
44006
46054
46054
44006
44006
46054
46054
46054
44006
44006
52426
58831
41958
43974
43974
43974
43974
43974
43942
8418






2080
60974
39882
39783
44006
44006
46022
46054
46054
46054
46054
46054
46054
44006
46022
63023
56783
43974
43942
43942
16803
27302
46186
27239
44006
46054
46054
46054
46054
46054
46054
46054
44006
44006
50378
58831
41926
41926
43942
41894
41894
43942
41894
10498






0
60974
41962
35655
46054
46054
46054
46054
46054
46054
46054
46054
46054
46054
46054
60941
58896
43974
43974
43974
18851
25222
46154
25191
44006
46054
46054
46054
46054
46054
46054
46054
46054
46054
52458
58831
39847
41894
41894
41894
41894
41862
41894
10530






0
60943
44043
35623
46054
46054
46054
46054
46054
46054
46054
46054
46054
46054
46022
60908
61042
46054
46022
46054
18851
23142
46186
27271
44006
46054
46054
46054
46054
46054
46054
46054
46054
46054
52426
58831
37767
41862
39815
39815
41862
39815
39815
12610






0
58830
44075
33543
46054
46054
46054
46054
46054
46054
46054
46054
46054
46054
46054
60909
63090
46086
46054
46054
18883
23110
46186
27271
44006
46054
46054
46054
46054
46054
46054
46054
46054
44006
52425
58864
37735
39783
39815
39783
39783
39783
39783
14691






0
56751
46155
33543
46054
46086
46054
46054
46054
46054
46054
46054
46054
46054
46054
58829
63122
46118
46086
46086
18883
18949
46218
27271
43974
46086
46054
46086
46054
46054
46054
46054
46054
46054
52425
56783
37735
37735
37703
37703
37703
37703
37703
14723






0
56751
44075
33543
46054
46054
46054
46054
46054
46054
46054
46054
46054
46054
46022
58829
63122
48198
48134
48166
18883
16869
48299
27271
43974
46086
46054
46086
46086
46086
46086
46086
46086
46086
50345
56750
41993
35623
35623
35623
35623
35623
35623
16804






0
58799
44075
35591
46086
46054
46086
46086
46086
46086
46086
46086
46086
46054
46054
58829
63121
48230
48198
48166
18883
16804
48299
29319
41926
46086
46086
46086
46086
46086
46086
46086
46086
46086
50279
56717
50446
35559
35559
33511
33543
33543
33543
23077






0
58830
44043
35623
46086
46086
46086
46086
46086
46086
46086
48134
48134
48134
46086
60877
61073
48230
50278
50214
18883
12644
48299
29351
41894
48166
46086
46086
46086
46086
46086
46086
46086
46086
48199
56749
56817
31399
31431
31431
31431
31431
33511
29351






0
60943
41994
37703
46086
46086
46086
46086
46086
46086
46086
46086
46054
48134
46086
60909
61040
48230
50246
50246
16803
8451
48299
33575
39847
48134
46086
48134
46086
46086
46086
46086
46086
46086
48134
58797
58930
29351
29351
29351
29351
29351
29351
29351
2080





2080
60975
39914
39783
48134
46086
46086
46086
46086
46086
46086
46086
48134
46086
46086
60942
61007
48231
50246
50246
14691
2145
48299
39880
39815
46086
46086
48134
48134
48134
48134
48134
48134
48134
48134
56684
54704
27303
27271
27271
27271
27271
27271
27271
12611





10564
63023
37769
44007
48134
46086
48134
48134
48134
48134
48134
48134
48134
48134
48134
63022
58862
50279
50246
50246
8418
0
46219
46252
33543
46086
48166
48134
48134
48134
48134
48134
48134
48134
48134
54505
54703
29384
25191
25191
25191
25191
25191
27239
16837





42061
60975
31463
46119
48134
46086
48134
48134
48134
48134
48134
48134
48134
48166
46054
65103
56781
48198
50246
48198
2113

39914
48363
29319
46087
46086
48166
48166
48134
48134
48134
48134
48134
48166
52392
56750
31496
25159
25159
25159
25159
25159
25191
23111




0
58898
60943
29351
46118
48134
46118
48166
48134
48134
48134
48134
48134
48166
48166
48134
63088
54669
48198
50245
44072
0

18949
48330
31431
46087
48166
48166
48166
48166
48166
48134
48134
48134
48166
48231
56717
52559
25191
25191
27239
27239
25191
25191
25223
16805



6338
60976
52525
33575
46086
48166
48166
48166
48166
48166
48166
48166
48166
48166
48134
52326
63056
56749
50246
50214
29414


8450
50379
31496
41895
48166
48166
48166
48134
48134
48134
48134
48166
48166
46150
58765
60977
29384
27271
27271
27271
27271
27271
27271
25191
4193


14757
60975
37769
39847
48166
48134
46118
48134
48134
48134
48134
48134
48134
48166
48134
58699
63056
52523
48166
48166
12610


6305
48331
35656
37703
48166
48198
48166
48166
48166
48166
48166
48166
48166
46118
54505
56750
41995
29319
29351
29351
29351
29351
29351
29351
27303
2080

42060
60910
31464
44006
48166
48166
48166
48166
48166
48166
48166
48166
48166
48134
48166
62957
63089
48232
48166
46118
6305


32
48299
44106
35623
48166
48166
48166
48166
48166
48166
48166
48166
48198
48166
48199
56749
58832
29351
31431
29351
31431
31399
31431
31431
31399
27271
21030
60911
62992
31431
46118
48166
48166
48198
48166
48166
48166
48166
48166
48166
48166
48166
65070
65202
46086
48166
41958
32



39915
48331
29319
48199
48198
48166
48198
48198
48198
48198
48198
48198
48166
48166
56684
56750
46187
31431
31431
31431
31463
31463
31463
31431
33511
50412
62991
37736
41928
48198
48166
48198
48198
48198
48198
48198
48198
48166
48166
48166
50247
65103
60944
46087
46086
29382




10531
50411
35624
44007
48198
48166
48166
48198
48198
48198
48198
48198
48198
48166
50279
58765
56750
39849
33511
33543
31463
33543
33543
33543
44041
60943
58798
29319
46119
48198
48166
48198
48198
48198
48198
48198
48198
48198
48166
50246
50312
65136
50412
39847
33543
4225




0
48267
39881
33543
48198
50214
48198
48198
48198
48198
48198
48198
48198
48198
48198
54538
58830
58798
44008
35623
35591
35591
35623
43976
60910
62991
41929
44007
48166
50214
48166
48198
48198
48198
48198
48198
48198
48198
48198
48166
58764
61008
39882
27271
23110






37833
48331
29351
46119
48166
48198
48198
48198
48198
48198
48198
48198
48166
48166
48166
58731
58829
58830
58798
54540
52491
58798
60911
60911
52428
35591
48166
50214
48166
48166
48198
48198
48198
48198
48198
48198
48198
50214
50246
65103
63090
31431
29351
18949






25222
50444
35655
46119
50246
50246
48198
48198
48198
48198
48198
48198
48198
50246
50246
50246
56650
60877
60878
60909
60910
60911
60910
50347
35623
46151
50246
50214
48198
48198
48198
48198
48198
48198
48198
48198
48198
50214
52424
65135
56783
33479
31463
32






2112
48332
46186
31431
48199
50246
50246
50246
50246
48198
48198
50246
50246
48198
50246
50246
50246
52424
56650
60877
58796
54538
48168
43943
48199
48166
50246
50246
50246
50246
50246
50246
50246
50246
50246
50246
48198
50246
58762
63055
39816
35623
18884








31560
50444
29319
46087
50278
50246
48198
50278
50278
50278
50246
50246
50278
50246
50246
50246
50246
48198
48198
48198
48198
48198
50246
48198
50246
50246
50246
50278
50278
50278
50278
50278
50246
50246
48166
50246
50278
65103
60944
37735
37735
2112








12644
50443
48331
35623
48198
50246
50278
50246
50246
50246
50246
50246
50246
50246
48198
50246
50246
50246
50246
48198
50246
50278
50246
50246
50246
50246
50246
50246
50246
50246
50246
50246
50246
50246
50278
48166
58731
63023
56685
41927
12611









0
39979
52555
31431
44007
50246
50278
50246
50246
50246
50246
50246
50246
50246
50246
50246
50246
50246
50246
50246
50246
50246
50246
50246
50246
50246
50246
50246
50246
50246
50246
50246
50246
50246
50246
48198
63022
63054
44038
35655
32










12644
52525
46186
33543
48231
50246
50278
50278
50278
50278
50278
50278
50278
50246
50278
50278
50278
50246
50278
50278
50246
50246
50278
50246
50246
50278
50246
50278
50278
50278
50278
50278
50278
50246
58731
65103
56716
41894
2112











0
42028
52524
37736
41863
50246
50278
50278
50278
50278
50278
50278
50278
50278
50278
50278
50278
50278
50278
50278
50278
50278
50278
50278
50278
50278
50278
50278
50278
50278
50278
50278
50278
50278
63021
63055
44041
12579













2145
52493
54573
33511
48199
50278
50278
50278
50310
50278
50278
50278
50278
50278
50278
50278
50278
50278
50278
50278
50278
50278
50278
50278
50278
50278
50278
50278
50278
50278
50278
52358
62958
65071
52523
20996















35787
54606
48299
31431
48232
50278
50278
50278
50278
50278
50278
50278
50278
50278
50278
50278
50278
50278
50278
50278
50278
50278
50278
50278
50278
50278
50278
50278
50278
50278
56584
65070
63057
23109
0















0
39979
54605
48201
35623
48231
50278
50278
50278
50278
50278
50278
50278
50278
50278
50278
50278
50278
50278
50278
50278
50278
50278
50278
50278
50278
50310
50310
50278
54504
63021
63055
31528
32

















12644
50510
54604
44009
39783
48230
50278
50278
50278
50278
50278
52326
50278
50278
50278
50278
50278
50278
50278
50278
50278
50278
52326
52326
50310
50278
50310
52423
62957
63023
46285
2112



















16837
54638
54605
44010
39815
48230
50310
50310
52326
52326
52357
52326
52358
52325
52357
50310
52358
52326
52326
52326
52325
50278
50310
50310
52326
54471
62989
65103
50478






















18917
54637
56717
50346
33511
50343
50310
52358
52358
52357
52357
52358
52358
52326
52326
52325
52325
52326
52358
52358
52358
52326
52358
54472
65070
63023
50445























0
18949
54637
56685
54606
41896
41863
50312
50278
52358
52358
52358
52358
52326
52325
52325
52325
52357
52358
52358
52326
52359
58731
62990
63022
46219
4193

























16836
50476
56685
58766
52427
46088
43975
48199
50311
52358
52358
50310
52358
52358
52358
52358
50310
52391
56682
62957
63023
63023
37801
2144



























6305
39945
56782
56749
58798
58765
52394
46120
50279
52391
52391
52424
54504
54504
56618
60811
65070
62990
63023
56718
29415































4225
48332
56718
58798
58830
60877
60877
62958
60909
60910
62989
62957
62989
63022
63023
60911
39946
0

































0
6305
18917
48332
58863
60879
58831
58830
60911
60943
60911
60944
52525
16804
4225







































2080
8386
16837
18917
18917
16836
6338
2112






















