
































0
32
2113
4225
6338
8483
12644
16870
18982
21063
23143
23175
25288
6338
















0
0
32
2113
2145
4225
4258
6306
6338
8418
8451
10531
12676
18982
27368
35787
44206
52592
56818
58898
58930
61010
61041
61009
61009
63057
63056
63056
63056
63056
63055
63055
65105
31463






32
4225
6339
8451
10564
16902
27401
37900
42158
46286
48399
48431
50511
50511
52591
54671
54703
56783
58863
58863
58863
58895
60943
60943
60942
62991
62991
62990
63023
63023
63023
63023
63022
63055
63055
65103
65104
65104
65104
63056
63088
63088
65136
37735
14756


42126
44172
46252
50380
50412
52493
52493
52492
52524
54604
54604
56717
56684
56717
56717
58765
58798
58765
58797
60878
60878
60877
60910
62991
62991
60910
60911
58831
56717
56685
54539
50346
50346
48234
44073
44073
44041
44009
41929
41896
39816
37735
37671
37671
54572
65136
39815
33607
2113

46219
48298
48331
50378
50411
52492
52492
52491
52459
52459
52427
52426
50346
48266
48266
46186
46122
46121
44041
41928
41928
41863
39783
37703
37703
35623
35591
35591
35559
35591
35559
35591
35591
35559
35591
35591
35591
35591
35591
35591
35591
35591
35591
35591
52524
65104
39879
35655
23077
0
44171
46154
33543
37703
35623
35591
33543
35591
33543
33543
33543
35591
35559
35559
33543
33543
35591
35591
35591
35591
35591
35591
35591
35591
35591
35591
35591
35591
35591
35559
35591
35591
35591
35591
35591
35591
35591
35591
35591
35591
35591
35591
35591
35591
54540
65104
39847
37703
37703
10498
44171
44074
29351
35591
35591
35591
35591
35591
35591
35591
35591
35591
35591
35591
35591
35591
35591
35591
35591
35591
35591
35591
35591
35591
35591
35591
35591
35591
35591
35591
35591
35591
35591
35591
35591
35591
35591
35591
35591
35591
35591
35591
35591
35591
54540
65136
41927
37735
37703
25157
42059
44074
29351
35591
35591
35591
35591
35559
35559
35559
35591
35591
35591
35591
35591
35591
35591
35591
35591
35591
35591
35591
35591
35591
35591
35591
35591
35591
35591
35591
35591
35591
35591
35591
35591
35591
35591
35591
35591
35591
35591
35591
35591
35591
54540
65136
41927
39783
39783
27237
44107
44074
29351
35591
35591
35591
35591
35591
35591
35591
35591
35591
35591
35591
35591
35591
35591
35591
35591
35591
35591
35591
35591
35591
35591
35591
35591
35591
35591
35591
35591
35591
35591
35591
35591
35591
35591
35591
35591
35591
35591
35591
35591
35591
54540
65136
44008
39782
39782
29349
44107
44106
29351
35591
35591
35591
35591
35591
35591
35591
35591
35591
35591
35591
35591
35591
35591
35591
35591
35591
35591
35591
35591
35591
35591
35591
35591
35591
35591
35591
35591
35591
35591
35591
35591
35591
35591
35591
35591
35591
35591
35591
35591
35591
54540
65136
44040
41862
39815
29349
44107
44106
29351
35623
35623
35623
35623
35591
35591
35591
35591
35591
35591
35591
35591
35623
35623
35623
35591
35591
35591
35623
35623
35623
35623
35623
35623
35623
35623
35623
35623
35623
35623
35623
35591
35623
35623
35623
35623
35623
35623
35623
35591
35591
54572
65136
44040
41862
39847
31429
42059
44106
29351
35623
35623
35623
35623
35623
35623
35623
35623
35623
35623
35623
35623
35623
35623
35623
35623
35623
35623
35623
35623
35623
35623
35623
35623
35623
35623
35623
35623
35623
35623
35623
35623
35623
35623
35623
35623
35623
35623
35623
35623
35623
54572
63088
44072
41894
41894
31429
42027
44106
29351
35623
35623
35623
35623
35623
35623
35623
35623
35623
35623
35623
35623
35623
35623
35623
35623
35623
35623
35623
35623
35623
35623
35623
35623
35623
35623
35623
35623
35623
35623
35623
35623
35623
35623
35623
35623
35623
35623
35623
35623
35623
54572
63088
46120
43974
43942
29349
39946
44107
29351
35623
35623
35623
35623
35623
35623
35623
35623
35623
35623
35623
35623
35623
35623
35623
35623
35623
35623
35623
35623
35623
35623
35623
35623
35623
35623
35623
35623
35623
35623
35623
35623
35623
35623
35623
35623
35623
35623
35623
37671
35623
54572
63088
46152
43974
43974
31429
39946
44106
29351
35623
37671
37671
37671
37671
37671
37671
37671
37671
37671
37671
37671
37671
37671
37671
37671
37671
37671
37671
37671
37671
37671
37671
37671
37671
37671
37671
37671
37671
37671
37671
37671
37671
37671
37671
37671
37671
37671
37671
37671
35623
54572
65137
48200
44006
44006
31429
39914
44106
29351
35623
37671
37671
37671
37671
37671
37671
37671
37671
37671
37671
37671
37671
37671
37671
37671
37671
37671
37671
37671
37671
37671
37671
37671
37671
37671
37671
37671
37671
37671
37671
37671
37671
37671
37671
37671
37671
37671
37671
37671
37671
54572
65137
48232
46054
44006
31461
39946
44107
31399
37671
37671
37671
37703
37703
37703
37671
37671
37703
37671
37671
37671
37671
37671
37671
37671
37671
37671
37671
37703
37703
37703
37703
37671
37671
37703
37671
37671
37671
37671
37671
37671
37703
37703
37703
37703
37703
37703
37671
37703
37671
54572
65136
48264
46086
46086
33541
39914
44107
31399
37671
37671
37671
37671
37671
37671
37703
35623
37703
37671
37671
35655
37703
37671
37671
37671
37671
37703
37703
37703
37703
37671
37671
37671
37671
37671
37703
37703
37703
37671
37671
37703
37671
37671
37671
37671
37671
37671
37703
37703
37703
54572
63089
48264
48166
46086
35621
39914
44107
31399
37703
37671
37671
37671
37671
37703
37703
37671
39848
41896
41896
41896
41928
44008
44040
46120
46152
48232
50345
50378
52458
54604
56652
56684
58765
58797
60910
60943
60976
33543
35623
37703
37671
37671
37671
37671
37671
37671
37703
37671
37703
60942
61042
44106
48166
46118
35654
37866
44107
31399
37703
37703
37703
37703
37703
37703
37703
39816
54637
54637
56717
56717
56717
58765
58797
58797
58829
58797
60877
60910
60878
60910
60910
60910
62990
62991
62990
63023
48267
31431
37703
37703
37703
37703
37703
37703
37703
37703
37703
37671
52492
63120
48365
27239
44007
48230
37766
37866
44107
29351
37703
37703
37703
37703
37703
37703
37703
39816
56685
54604
56685
56717
56750
58830
58830
58830
58830
58862
58862
60878
58830
58797
58765
58765
58765
58732
62958
62991
33512
35623
37703
37703
37703
37703
37703
37703
37703
37703
37703
39815
63024
63122
31528
25191
27271
44039
39814
39914
44107
29351
37703
37703
37703
37703
37703
37703
37703
39848
56716
46121
35623
31463
29383
31463
31463
31463
31463
33511
33511
33543
35591
35623
37671
37703
39783
48264
62990
48267
31431
37703
37703
37703
37703
37703
37703
37703
37703
37671
37703
54539
61008
46253
27271
27271
27271
29319
33543
39914
44107
29351
37703
37703
37703
37703
37703
37703
37703
41928
54637
41929
35623
33543
27303
25191
25159
27239
27271
29319
29351
31431
31431
33511
33543
35623
39783
62957
63024
31464
35655
37735
37703
37703
37703
37703
37703
37703
37703
37735
41928
65104
61042
31496
27303
27271
27271
27303
18885
37834
44107
29351
37703
37703
37703
37703
37703
37703
37703
41960
54637
41961
37703
35655
35623
33575
29351
25159
25191
25191
27271
27303
29351
31431
29415
33543
46154
62958
50412
31463
37703
37703
37703
37703
37703
37703
37703
37703
37703
37735
52459
63057
42059
27271
29319
29351
29319
27271
4193
37834
44107
29351
37703
37735
37735
37735
37735
37735
37703
44040
54637
44041
39783
39751
37735
37703
35623
35623
27270
2113
2113
2145
2145
2145
2145
4193
56751
58830
25191
35655
37703
37703
37735
37735
37735
37735
37735
37703
37703
44039
60976
58929
29383
29351
29319
29351
29351
12579

37834
44107
29351
37703
37735
37703
37735
37703
37703
37703
46120
54669
44072
41862
39783
39783
37735
37703
37703
25190






21096
60912
50477
31431
37735
37703
37703
37735
37703
37703
37703
37735
37703
37735
54572
63089
44204
29351
29351
31399
29383
27303
2080

41994
44106
29351
37735
37735
37703
37703
37735
37735
37735
48233
54605
44072
43942
41862
39815
39783
39783
39751
25189






46252
60911
29383
39783
37703
37703
37735
37735
37735
37703
37735
37735
37735
39847
63023
58896
29383
29383
31399
31399
29383
12579


42059
44106
31463
37735
39783
39815
39815
39783
39815
39815
50346
54637
46152
43974
43974
41894
41895
39815
39782
23109





2113
58896
50380
29383
37671
37735
37735
37735
37735
37735
37735
37735
37735
39751
56749
61008
48398
31463
31431
31399
31399
25190



44139
48298
48330
52459
52459
52491
52491
52459
52523
54571
54604
52557
48264
46086
46054
43974
41926
41894
41862
23076





42125
60910
35623
35655
39783
37735
39783
37735
37735
37735
37735
37735
37735
39751
63055
61041
31463
31431
31431
33479
31463
10498



39979
48298
50411
50378
52458
52459
52492
54540
52524
54604
54605
54638
46184
48166
46086
46054
46022
43974
43974
20996




2145
56751
54571
31431
37735
39751
39783
39783
39783
39783
39783
37735
39783
37735
56685
63056
46284
31463
31463
33511
31463
25190
0



10563
31560
42026
44074
44041
44041
41961
41961
39914
39881
39849
37802
35688
44007
46152
46086
48134
46054
46054
16803




14725
60910
37769
35623
39783
39782
39783
39783
39783
39783
39783
39783
39783
41927
63055
63090
35656
33511
33511
33511
33511
10498






0
6338
18917
27270
31431
31463
31431
31431
29351
27271
27271
25159
27239
35623
41961
44008
46088
14692



0
54735
60912
31399
37767
39783
39783
39783
39783
39783
39783
39783
39783
39783
50346
63088
48364
33543
35559
35591
33511
29350
0











32
12579
20997
20997
16837
16805
14692
10531
10499
10499
8419
8418
0



14724
58895
41864
35591
39783
39783
39783
39783
39783
39783
39783
39783
39783
39782
63088
60976
39880
35623
35591
35591
35623
8418




























31592
58830
31431
37703
39783
39783
39783
39783
39783
39783
39783
39783
39782
50313
63024
58962
35623
35623
35623
37671
35655
32



























2113
58863
54574
31431
39783
39783
39783
39783
39783
39783
39815
39783
39815
39782
58796
63057
37767
37703
37671
37671
37703
12611




























25254
60911
33543
37735
39782
39815
39815
39815
39815
39814
39782
39782
39815
46088
63055
56784
35655
35655
37671
37671
33511
32




























42025
58733
27303
39847
39814
39815
39815
39783
39815
39814
39814
39815
39814
56717
61008
46252
35623
35623
35623
35591
23077




























2080
60911
48267
31463
39783
39815
39815
39815
39815
39815
39815
39815
41862
41895
63023
61009
35655
35623
35623
35623
35623
32




























33641
58862
33511
37799
39815
41863
39815
39815
39815
39815
39815
39815
41894
50312
61008
48397
33575
35623
33543
35591
25189





























50444
52524
29383
39815
39815
41863
41863
41862
41862
41862
41863
41862
41862
60942
61008
37801
33543
33543
33543
35591
12579




























32
58830
41994
33543
41862
41862
41895
41862
41862
41862
41862
41862
41863
44007
60943
58896
33543
33511
33511
33511
31431
0




























29481
60911
31431
39783
41862
41894
41895
41862
41862
41862
41862
41894
41863
48265
63089
42027
33511
31463
33511
33511
16771




























32
56751
56685
29383
41894
41862
41894
41894
41894
41894
41862
41862
41862
43974
62991
61009
35656
31463
31463
31463
31431
6305




























8418
58862
39817
35623
41894
41862
41894
41894
41894
41894
41894
41894
41862
46120
63023
58929
31431
31431
31431
31431
29318
0




























18917
58830
33544
39815
41894
41862
41894
41894
41894
41894
41894
41894
41894
50346
63056
37769
31399
31431
31431
31399
10531





























52526
58830
29319
41862
41894
41894
41894
41894
41894
41894
41894
41894
41862
58797
58896
31496
29351
29351
29351
29351
4193




























4257
58799
48234
35591
41862
41895
43942
41894
41894
41894
41894
41894
41894
44007
63024
58930
29351
29351
29351
29351
29319
0




























21029
58798
29351
39815
43942
41894
43942
41894
41894
41894
41894
41894
41894
52426
60943
44172
27303
27303
29351
29351
16804





























31560
56685
27271
39847
43942
41894
43942
41894
41894
41894
41894
41894
41894
56652
63057
29351
29351
27271
27271
27271
2080




























0
52558
52492
31399
41894
41894
41894
41894
41894
41894
41894
43942
43974
43942
60910
56783
27271
27271
27271
27271
25158





























6338
58831
41961
39783
43974
41926
43974
41926
43974
43974
43974
43974
41894
44006
60943
50479
25191
27239
27239
25191
18885





























27368
58799
31367
41895
43974
41926
43942
41926
43974
43974
43974
43974
43942
54506
60976
42060
25159
25191
25191
25191
12612





























39882
54605
29351
41926
43974
43974
41926
43974
43974
43974
43974
43974
43974
58764
63057
27271
25191
25191
25191
25159
2145





























50413
46155
31431
43974
43974
43974
43974
43974
43974
43974
43974
41926
46022
60877
58928
25191
25159
25191
25191
25159





























32
56782
44042
37703
43974
43974
43974
43974
43974
41926
44006
43974
41926
43942
63023
48365
27271
27271
27271
27239
18885





























18950
56750
33511
41927
44006
43974
43974
43974
43974
44006
43974
43974
43974
48135
60943
44108
29351
27271
27271
29319
14692





























42092
56718
29351
43975
43974
43974
44006
44006
43974
46086
46086
43974
43974
54571
60944
39882
29351
29351
29351
29351
10499




























0
52493
48299
31463
44006
43974
43974
44006
44006
43974
46086
46118
44006
44006
60910
61041
33511
29383
29383
31399
29383
2145




























2113
56653
37801
35655
44006
43974
43974
44006
44006
44006
44006
46118
46086
44006
63055
61074
31431
31431
31431
31431
29383
0




























6305
56717
35689
39815
44006
43974
44006
44006
44006
44006
43974
46086
46119
46119
63024
52590
33511
33511
33511
33511
25158





























18917
56750
31431
44007
46054
44006
46054
44006
46054
44006
44006
44006
46119
50312
63024
42026
33511
33543
33543
35591
14723





























44140
56782
31399
44007
46054
46054
46054
46054
44006
46086
46086
46054
46086
50378
63024
41993
35591
35623
33543
35623
10498




























0
54638
50411
35591
46023
46054
44006
46054
46054
46086
48199
48199
46086
46054
56684
60977
44041
39815
37735
35655
35655
8386




























4225
58766
37800
39783
46054
46054
46054
46054
44006
48167
48167
46054
46054
44006
60942
63089
39815
39815
39847
41927
37703
4193




























12644
58765
31496
41862
46054
46054
46054
46054
46054
48199
46054
46054
46086
46086
60943
63122
39815
39783
39815
39815
37767
32




























16837
56684
29383
43974
46054
46054
46054
46054
46086
48199
46054
46086
46054
48167
60943
60976
41927
41862
39815
39815
35687
0




























25287
56684
29351
46054
46086
46054
46086
46054
46086
48200
46119
46086
46086
50345
60943
52459
44039
41894
41926
41894
29381





























40011
56653
29351
46086
48134
46054
46086
46086
46086
46119
48200
46054
46086
52426
63088
44039
43974
43974
41926
43974
16803





























52558
52492
33543
46086
46086
48167
46054
46086
46086
46086
48200
48167
46086
54539
63056
44006
46054
46054
44038
46054
6337




























32
56718
41961
39815
46086
46118
50248
48166
46086
46086
48167
46087
48232
48199
58733
60943
46086
46054
46086
44038
44038
4193




























8386
56686
33511
44039
46118
48199
48167
48134
46086
48166
50280
46087
48199
48199
60878
58830
46086
44006
44006
44006
41926
2112




























18949
56685
27271
44038
46118
48199
48167
48134
46086
46086
48200
48167
46086
46086
60910
58798
44006
44006
44006
44006
41894
2080




























27335
58765
27239
46118
46118
48199
50247
48166
46086
46086
48199
48199
46086
48166
63023
58798
43974
44006
44006
43974
39814
32




























31528
56620
29351
48263
46150
46119
50280
48166
48166
48166
50279
48199
48166
48231
60942
56717
43974
43974
43974
43974
37734
0




























37866
52427
31463
48199
46118
46118
48166
48134
48166
48198
50279
48166
48166
52424
60910
54571
43974
43974
43974
43974
33574





























46252
50380
35591
48232
48134
48166
48134
48134
48166
48166
50246
48166
48166
56650
60942
48200
43974
43974
41926
43974
27301





























52525
46187
37735
50312
50246
48166
48166
48166
48166
48166
48166
48166
48166
56651
63023
44007
41894
43974
41926
41926
18916





























56719
41994
41927
48232
50280
48167
46118
48166
48198
48166
48166
48166
48198
58763
63023
41926
41894
41926
41894
41926
10498




























2113
58767
35688
46087
46150
50280
50280
48231
50311
48166
48166
48166
48166
48166
58763
60942
41895
43942
41894
41894
41895
4225




























8418
56685
29415
46119
48198
48199
50312
50312
48199
48166
48198
48198
48166
48166
58796
58764
41895
43942
41894
41894
41895
2080




























18949
56685
29351
48232
48198
48198
48166
48198
48166
48198
48198
48166
48166
48166
60909
56652
41863
41862
41894
41894
39847





























29481
56717
31495
50312
50343
48198
48198
48198
48198
48198
48198
48198
48166
48198
60910
54539
41863
41862
41895
41862
37734





























37899
56718
33543
48199
52360
50246
50246
48198
48198
48198
48198
48198
48198
48198
62990
52459
41862
41862
39847
41862
35622





























39979
50443
31463
48167
52359
50278
50246
50246
50246
50246
50246
48198
48198
50278
62990
52459
41862
41830
39815
41862
33510





























42058
48266
33544
50279
52392
50246
50246
50246
50246
50246
50246
50246
50246
50343
62990
50379
41862
41830
39815
41830
29349





























44171
44074
33544
52360
50279
50246
50246
50246
50246
50246
50246
50278
50246
52424
62990
48266
39815
39783
39815
41830
27269





























48332
44042
35688
52360
50246
50246
50278
50246
50278
50246
50246
50278
50246
54569
60910
46120
39783
39783
39815
39782
25157





























50444
41962
37735
50246
50246
50278
50278
50278
50246
50278
50278
50278
50246
58763
60909
41895
39783
39783
39815
39783
25125





























52557
39882
39783
52326
50278
50278
50278
50278
50278
50278
50278
50278
50278
60844
60910
39783
39783
39783
37735
39783
23044





























54670
39882
41927
52326
50278
50278
50278
50278
50278
50278
50278
50278
50278
60876
62990
39783
39783
39783
37735
37735
20996




























32
54670
39849
44007
52325
50278
50278
50278
50278
50278
50278
50278
50278
50278
60877
60943
37703
37735
39783
37735
39751
18884




























4225
54637
37736
46118
52326
50278
50278
50278
50278
50278
50278
50278
50278
50278
60877
60910
37703
37735
39751
37735
37703
16804




























12644
54669
33575
48198
52326
50310
50278
50278
50278
50278
50278
50278
50278
52326
60877
58797
37703
37703
39751
37735
37703
14691




























21063
54669
33511
50279
52326
50310
52358
52326
52326
52326
52326
52326
52326
52358
62957
56684
37703
37703
37671
37703
37703
12579




























35722
56717
29351
50311
52325
52358
52358
52358
52358
52358
52358
52358
52358
52358
60909
52458
37703
37671
37703
37703
27270
32




























42060
56685
29319
50311
52326
52358
52358
52358
52358
52326
52326
52326
52326
52359
60910
50313
37671
37671
37703
25157
2112





























48333
56684
39816
52425
52359
52359
52359
52359
52359
52359
52359
52359
50311
52392
62958
48233
37703
37703
27237
32






























50478
56717
56717
58765
60813
58797
60845
58797
60877
60877
60876
60845
58796
58797
60909
46153
35623
25189
































33641
54670
54670
56718
58765
56750
58798
58830
58829
58829
58830
60910
60910
60910
60910
44041
16771
0

































32
32
2112
6306
10531
14724
16837
18949
21030
23110
25255
27368
31561
35754
14724























