



















32
4193
8419
10531
8451
4258
32
0






































4193
10499
29449
52592
56783
56784
58864
58864
58832
58864
58896
54737
31562
8451
4193

































4226
44206
52590
56751
58798
58830
60910
60910
60878
60910
62958
62958
60910
62990
62991
60976
56816
40013
32





























6338
39979
54670
58797
58796
58830
50411
44041
41961
41929
39816
37768
39848
41929
44041
48233
58732
62959
62991
60976
56816
33706
0

























32
23208
52558
56686
56717
50379
41929
35591
33511
35559
35591
35591
35591
33543
33543
35591
35591
35591
35591
39783
46187
58798
63023
63023
46253
6338























2145
39980
56717
56717
50412
35656
31431
35591
35591
35591
35591
35591
35591
35559
35559
35591
35591
35591
35591
35591
35591
35591
35591
48266
60910
63023
58897
10563





















0
46351
52590
54669
39848
31399
35623
35591
35591
35591
35591
35591
35591
35591
35591
35591
35591
35591
35591
35591
35591
35591
35591
35591
35623
35623
58830
63023
61008
12677




















39979
54605
52524
31496
33511
35591
35591
35591
35591
35591
35591
35591
35591
35591
35591
35591
35591
35591
35591
35591
35591
35591
35591
35591
35591
35591
35623
52491
63022
58928
18950

















0
31594
52556
52491
31463
33543
35591
35591
35591
35591
35591
35591
35591
35591
35591
35591
35591
35591
35591
35591
35591
35591
35591
35591
35591
35591
35591
35591
33543
35623
50411
65072
63056
16902
















12644
50444
52524
31495
33511
35591
35623
35623
35591
35591
35591
35623
35623
35591
35591
35591
35591
35591
35591
35623
35623
35623
35623
35623
35623
35591
35591
35591
35623
35591
35623
54572
63088
61009
16869














2145
52525
52525
33576
33511
35591
35591
35591
35591
35591
35591
35591
35591
35591
35591
35591
35591
35591
35591
35591
35591
35591
35591
35591
35591
35591
35591
35591
35591
35591
35591
35623
37703
60976
63056
52557
12676













27368
52556
39848
31431
35623
35591
35591
35591
35591
35591
35591
35591
35591
35591
35591
35591
35591
35591
35591
35591
35591
35591
35591
35591
35591
35591
35591
35591
35591
35591
35591
35623
35623
39815
62991
63088
41928
6338











8419
50445
52492
29351
35623
35623
35623
35623
35623
35623
35623
35623
35623
35623
35623
35623
35623
35623
35623
35623
35623
35623
35623
35623
35623
35623
35623
35623
35623
35623
35623
35623
35623
35623
35623
54604
63055
54572
37736
2112










29416
52491
35623
33511
35623
35623
35623
35623
35623
35623
35623
35623
35623
35623
35623
35623
35623
35623
35623
35623
35623
35623
35623
35623
35623
35623
35623
35623
35623
35623
35623
35623
35623
35623
35623
39751
63023
58896
31463
31527
2080








32
48300
48299
29319
37703
35623
35623
35623
35623
35623
35623
35623
35623
35623
35623
35623
35623
35623
35623
37671
37671
37671
35623
35623
35623
35623
35623
35623
35623
35623
35623
35623
35623
35623
35623
37671
37703
54540
63089
39945
27303
14692








21062
50444
37736
33511
35623
37671
37671
37671
37671
37671
37671
37671
37671
37703
35623
35623
35623
35623
37671
35623
35655
37703
37671
37671
35623
35623
35623
37703
37671
37671
37671
37671
37671
37671
37671
37671
37703
44008
65072
60976
35687
33511
6306







37834
50380
29319
37671
37671
37671
37671
37671
37671
37671
37671
37671
37671
37671
37671
37671
37703
37671
37671
37639
37671
37671
35623
37671
35623
35623
37671
37671
37671
37671
37671
37671
37671
37671
37671
37671
37703
37671
62991
63056
41960
41895
25222






0
48300
41962
29351
37671
37703
37671
37671
37671
37671
37671
37671
37671
37671
37671
37671
37671
39815
50314
54539
56652
52459
46154
35591
35623
35623
35655
37671
37671
37671
37671
37671
37671
37671
37671
37671
37671
37703
37671
52427
63056
50444
48231
44039
6305





6338
50379
35657
33511
37671
37671
37671
37671
37671
37671
37671
37671
37671
35655
37671
37671
46088
58797
58797
60877
60910
60910
60910
60910
35656
33511
35655
37671
37671
37671
37671
37671
37671
37671
37671
37671
37671
37703
37703
46089
63088
61074
58795
54505
31495





33641
52427
29351
35687
37671
37703
37703
37703
37703
37703
37703
37703
37703
37671
37671
46088
58830
58798
58831
54638
54637
56718
60911
62958
60911
33575
35591
37703
37703
37703
37703
37703
37703
37703
37703
37703
37703
37703
37671
41895
63056
65267
63054
65070
52524




0
46219
50380
29351
35655
37703
37703
37703
37703
37703
37703
37703
37703
37703
37703
39719
56684
56750
48332
33511
31399
31399
31431
33543
54539
60943
56719
27271
37703
37703
37703
37703
37703
37703
37703
37703
37703
37703
37703
37703
37671
63023
63122
60975
65039
63055
2145



2112
48299
41993
31431
37671
37703
37703
37703
37703
37703
37703
37703
37703
37703
37671
52394
58798
48332
27271
27239
27239
27239
27239
27239
29255
52525
60910
41993
35591
37703
37703
37703
37703
37703
37703
37703
37703
37703
37703
37703
37703
58861
63024
60943
62958
62990
27433



4225
48331
35656
33511
37703
37703
37703
37703
37703
37703
37703
37703
37703
37703
37703
58765
58831
29383
25159
25191
25159
25159
25159
25191
27175
31463
60974
58766
27271
35655
37703
37703
37703
37703
37703
37703
37703
37703
37703
37703
37703
50377
63057
58863
60844
60877
52591
0


6338
50379
31464
33511
37703
37703
37703
37703
37703
37703
37703
37703
37703
37703
41895
58830
48267
29383
29351
29351
29351
29351
29383
29383
31431
23078
35689
62927
27239
35655
37703
37703
37703
37703
37703
37703
37703
37703
37703
37703
37703
46120
63057
56782
56651
58731
54638
2112


10499
50346
31496
35623
37703
37703
37703
37703
37703
37703
37703
37703
37703
37703
48265
56750
44074
35623
35591
35591
35591
35591
35623
35623
18916
0
8451
60880
39816
33543
37703
37703
37703
37703
37703
37703
37703
37703
37703
37703
37703
41960
63056
52588
52425
54538
54571
4225


14724
50378
31463
37703
39783
37703
37703
37703
37703
37703
37703
37703
37703
37703
54604
58831
41928
39782
39782
39783
39815
39783
39783
35655
32

0
60912
54572
31431
37703
37703
37703
37703
37703
37703
37703
37703
37703
37703
37703
41928
63056
48331
46151
50312
50376
6337


18949
50378
29383
37703
39751
37703
37703
37703
37703
37703
37703
37735
37703
39751
58798
58928
41927
43974
43974
41926
41926
43942
43942
25190



56719
60911
29351
37735
37735
37703
37703
37703
37703
37703
37703
37703
37703
37735
43976
63088
44106
37671
41895
46119
8417


23110
50379
27303
37703
39751
37735
37735
37735
37735
37735
37735
37735
37703
39783
56750
63122
44006
46054
44006
44006
46054
46054
43975
2113



48366
62991
29319
37735
37735
37735
37735
37735
37735
37735
37735
37735
37735
37735
43944
63088
44139
33511
35559
35591
8418


23143
50378
27303
37735
39751
37735
37735
37735
37735
37735
39783
37735
39783
39815
56718
63122
44038
46086
46086
46086
46086
46054
39814




37867
63023
27271
37735
37703
37735
37735
37735
37735
37735
37735
37735
37735
37735
43976
63088
44139
33511
33511
35559
12611


23142
50378
27303
37735
39751
37735
39783
39783
39783
39783
39783
37735
37703
41863
56718
63122
46087
48166
46086
46118
46118
48134
35654




35722
63023
27271
37735
39783
39783
39783
39783
39783
39783
39783
39783
39783
37735
43976
63088
42059
33575
35591
35591
14692


21030
50378
27303
37735
39783
39783
39783
39783
39783
39783
39783
39783
39783
41863
56749
63123
44007
46054
46054
46054
46054
46054
31461




37867
63023
27271
39783
39783
39783
39783
39783
39783
39783
39783
39783
39783
39783
44008
63056
42027
33543
33543
35559
14692


16837
50378
29383
37703
39782
39783
39783
39783
39783
39783
39783
39783
39783
39815
56749
63123
43975
46022
46022
43974
44006
46054
29413




46317
62991
27303
39783
39783
39783
39783
39783
39783
39783
39783
39783
39783
39783
44040
63087
39946
31463
31463
33479
12611


10531
50378
31464
37671
39782
39783
39783
39783
39783
39783
39783
39783
39783
39783
56749
60977
41927
43974
43974
41926
41926
43974
29381




56783
58862
29383
39782
39783
39815
39783
39783
39783
39783
39783
39783
39783
39783
50312
63120
39882
31399
31431
31399
10499


8418
50378
33544
35623
39783
39782
39783
39783
39783
39783
39783
39783
39783
39783
56685
60911
43975
39815
39815
39815
39815
39815
29381



2113
60943
52491
33543
39783
39783
39815
39783
39783
39783
39783
39783
39783
39783
39783
56716
63057
33609
27303
29319
29319
6306


6306
50346
33576
33543
39783
39783
39783
39783
39783
39783
39783
39783
39783
41830
52426
58798
44042
35655
37671
37703
37703
37703
29382



18949
60911
35655
35655
39783
39815
39815
39783
39783
39783
39783
39783
39783
39782
39783
63023
61009
29351
25223
27271
27239
4225


4193
48299
41929
33511
39814
39783
39783
39783
39783
39783
39815
39783
39782
39782
46087
58798
46154
31463
33479
33479
33511
33479
31463



35722
62991
27271
37735
39815
39815
39815
39815
39783
39815
39815
39815
39783
41862
41927
63056
63155
25191
25191
25191
23111
2113


0
46220
48266
29383
39815
41830
39815
39815
39815
39815
39814
39815
39815
39815
41863
56717
56717
29351
25223
27271
27271
27271
27271
2145

2145
60912
54605
29319
39815
39815
39815
39815
39815
39815
39815
39815
39815
39815
39783
50313
65136
50380
25191
27239
27239
25191
32



35754
52460
31399
39783
41862
39815
39815
41862
41862
41862
41862
41862
39814
39783
54572
58830
44107
25191
25191
25191
25191
25159
16838

37899
58894
41961
37703
39783
41862
41862
41862
41862
41862
41862
41862
41862
41862
39815
52458
63056
33512
27271
27271
27271
23111
0



6338
50380
37737
35591
39815
41862
39815
41863
41862
41862
41862
41862
41862
39814
43975
58765
58798
41994
29351
29319
29319
29319
29351
35753
58895
54637
29351
41862
41862
41862
41862
41862
41862
41862
41862
39815
41863
41894
41863
63023
60943
31431
29351
29351
29351
14692





46187
44074
29351
39847
41862
41862
41863
39815
39815
39815
41863
41862
39815
39814
50346
58797
58830
52491
46122
44074
46186
56781
58861
58894
37737
37703
41862
41862
41862
39815
39815
39815
39815
41863
41863
41863
39815
50346
63055
56718
31399
31399
31431
29383
2112





35721
50412
31431
39847
39750
41862
41863
41863
41863
41863
41863
41862
39815
39815
41894
54473
60877
60877
60845
58830
60910
60910
58832
37769
35623
41895
41862
41862
41862
39847
41863
41863
41863
41863
41863
41894
41894
58796
63023
37703
33511
31431
31431
27238






10531
52460
46155
31399
43942
41863
41862
41894
41862
41862
41862
41862
41862
41862
41862
41862
46087
56717
60910
60910
60878
54540
33479
39783
41862
41862
41862
41862
41862
41862
41862
41862
41862
41862
41862
39815
48199
63022
54669
33543
33511
35559
33511
18917







39947
52460
29319
39815
41894
41894
41894
41862
41862
41862
41862
41862
41894
41862
41862
41894
41894
41894
43974
41862
41862
41863
41862
41894
41894
41862
41862
41862
41862
41862
41862
41862
41894
41894
41895
60877
63055
46121
35591
35591
35591
33543
2080







16837
50445
46186
31431
41894
41894
41894
41862
41862
41862
41862
41862
41894
41894
41894
41894
41894
41894
41894
41894
41894
41894
41894
41894
41862
41862
41862
41862
41862
41862
41862
41894
41894
41862
54539
63055
56717
37671
37671
37671
35623
18916









39979
52524
35656
35623
41894
41894
41894
41894
41894
41894
41894
41894
41894
41894
41894
41894
41894
41894
41894
41894
41894
41894
41894
41894
41894
41894
41894
41894
41894
41894
41894
41894
48168
63055
63023
44008
39751
37735
37703
33575
2112









8451
52492
54638
31463
37735
41894
41894
41894
41894
41894
41894
41894
41894
41894
41894
41894
41894
41894
41894
41894
41894
41894
41894
41894
41894
41894
41894
41894
41894
41894
41862
46087
65103
62958
52425
39814
39815
37767
39815
10530











14724
52524
52491
31463
39783
41895
41894
41894
41894
41894
41894
41894
41894
41894
41894
41894
41894
41894
41894
41894
41894
41894
41894
41894
41894
41894
41894
41894
41894
44007
60909
63055
60910
41895
41895
41862
41894
25221
0











0
29480
52556
52492
33543
39815
41894
41894
41894
41894
41894
41894
41894
41894
41894
41894
41894
41894
41894
41894
41894
41894
41894
41894
41894
41894
41894
41894
46055
60877
63022
60910
44006
43974
43974
41927
33575
32














42027
54573
52492
31431
39815
41894
41894
41894
41894
41894
41894
41894
41894
41894
41894
41894
41894
41894
41894
41894
41894
41894
41894
41894
41894
44007
60942
65103
62990
50279
43974
46054
46054
37734
32














2113
46221
56653
52524
29351
39815
41894
43942
41894
41894
41894
41894
41894
41894
41894
41894
41894
41894
41894
41894
41894
41894
41894
41894
43942
43942
44007
60942
63023
63023
58731
54472
54471
56486
54537
8418













2080
48300
54572
50379
31399
41895
41926
43974
43942
43974
43974
43974
43974
43974
43974
43974
43974
43974
43974
43974
43974
43974
43974
43974
43974
43942
43942
43942
43943
58796
63023
62990
58762
58631
58631
58631
54506
2113











2113
42092
52524
46186
33511
41894
41894
43974
43974
43974
43974
43974
43974
43974
43974
43974
43974
43974
43974
43974
43974
43974
43974
43974
43974
43974
43974
43974
43974
43974
43974
54603
63023
63022
58730
58633
58598
56551
48265
6306










27368
52525
48299
31431
41895
41926
43974
43974
43974
43974
43974
43974
43974
43974
43974
43974
43974
43974
43974
43974
43974
43974
43974
43974
43974
43974
43974
43974
43974
43974
43974
43974
54571
63055
65102
54472
52293
50246
48198
35655
32








16837
50444
50411
31367
41863
41926
43974
43974
43974
43974
43974
43974
43974
43974
43974
43974
43974
43974
43974
43974
43974
43974
43974
43974
43974
43974
43974
43974
43974
43974
43974
43974
43974
44006
58829
63055
60909
46055
46086
46086
46087
23109








46252
52459
31399
41895
43974
43974
43974
43974
43974
43974
43974
43974
43974
43974
43974
43974
43974
43974
43974
43974
43974
41894
43974
43974
43974
43974
43974
43974
43974
43974
43974
43974
43974
43974
43974
60942
63087
56717
44006
46054
46054
44039
2145






27336
50411
44009
33511
44038
43974
43974
43974
43974
44006
43974
43974
43974
43974
43974
43974
43974
43974
43974
44006
43942
44006
43974
43974
43974
43974
43974
43974
43974
43974
43974
43974
43974
43974
43974
43974
48200
63055
63055
46118
46054
46054
46086
31494






44171
48299
31367
44007
43974
43974
43974
43974
43974
44006
44006
43974
43974
43974
43974
46087
52457
56683
60877
60878
58765
52426
44073
39783
43974
43974
44006
43974
43974
43974
43974
43974
44006
44006
43974
43974
46054
56651
63055
60878
48200
50279
50312
50378
4193




16805
50444
37769
35623
43974
43974
43974
43974
43974
44006
44006
44006
44006
43974
43974
48200
58765
60877
60877
60910
60910
60910
62958
62990
50379
33575
41926
44006
43974
46022
43974
43974
43974
44006
44006
44006
43974
44006
46054
63023
63055
58830
60910
62990
63023
44206
0


0
46220
50412
29319
44039
44006
43974
43974
43974
43974
44006
44006
44006
44006
43974
46119
58797
58798
58798
50411
41928
39815
44072
54605
60910
60943
56718
31431
44007
44006
46022
46022
43974
43974
44006
44006
44006
44006
43974
46054
54538
65104
65169
63023
62990
62990
58895
4225


6305
50411
37737
35623
44006
43974
43974
43974
43974
43974
44006
44006
43974
44006
46055
58764
58830
48332
31432
27239
29287
27239
27271
16804
8418
48333
62991
52525
31431
44006
43974
46022
43974
43974
44006
44006
44006
44006
43974
46022
46087
65103
65104
60910
60877
60876
58796
12611


18949
50377
31463
41894
46054
46022
46054
46054
46054
44006
44006
44006
44006
44006
54538
58798
50412
25223
25191
25159
25191
25191
18950


2145
46253
60911
35656
39783
44006
44006
46054
46054
44006
44006
44006
46054
46054
46054
43974
56651
63023
58829
56651
56618
56586
37769

0
44108
48298
29351
46054
46022
46022
46054
46054
46054
46054
46054
46054
44006
46119
58797
56783
33576
27271
27303
27303
27303
27303
12611



12611
60911
58831
31399
44007
46054
46054
46054
46054
46054
46054
46054
46054
46054
46054
48199
65104
60943
50345
50344
50280
48202
2080
4225
48300
44041
35623
46054
46054
46054
46054
46054
46054
46054
46054
46054
44006
50312
58798
48331
33511
33543
33543
33543
33543
31463
0




37867
60911
33577
39814
46054
46054
46054
46054
46054
46054
46054
46054
46054
46054
46087
62990
65169
41927
39847
39782
37671
8386
12644
48299
29383
39847
46054
46054
46054
46054
46054
46054
46054
46054
46054
46054
54603
56718
39816
37703
37703
37703
37703
37703
27270





10564
62991
48234
35623
46054
46054
46054
46054
46054
46054
46054
46054
46054
46054
46054
60909
63089
39848
33543
35591
35559
10498
16836
48298
27271
41895
46054
46054
46054
46054
46054
46054
46054
46054
46054
46086
58765
58831
41927
41862
41862
41862
41862
41862
20996





2113
58896
60910
29383
44006
46054
46054
46054
46054
46054
46054
46054
46054
46054
46054
52457
63056
48301
33543
33543
35591
12611
21029
46218
27271
43974
46054
46086
46086
46054
46054
46054
46054
46054
46054
48199
58765
60944
41927
43974
43974
43974
43974
43974
18883






50576
63024
29383
44038
46086
46054
46054
46054
46054
46054
46054
46054
46054
46086
46086
63055
48398
33543
33543
33511
14691
25255
46186
27239
46118
46086
46054
46086
46054
46054
46054
46054
46054
46054
50312
56717
52557
44006
44006
44038
44006
44006
46054
18883






23208
63024
33576
41926
48134
46054
46054
46054
46054
46054
46054
46054
46054
46054
48134
63055
52590
33543
33543
35591
16804
29415
46219
29319
46086
46054
46054
46086
46086
46086
46086
46086
46086
46086
52425
56718
48330
46086
46054
46086
46086
46054
46054
18883






6339
60943
37802
39815
46054
46086
46086
46054
46086
46086
46086
46086
46086
46054
46054
62989
58897
33543
33511
33543
18852
35721
44106
29351
46086
46086
46086
46086
46086
46086
46086
46086
46086
46086
52393
56750
46185
46086
46118
46118
46118
46086
48134
18883






2145
60943
41962
37735
46086
46086
46086
46054
46086
46086
46086
46086
46086
48134
48134
60909
61075
33543
33511
33543
16771
37833
46186
31431
46118
46086
48134
46086
46086
46086
46086
46086
46086
48134
52426
56751
44072
46086
46054
44006
46054
46054
46054
20931






32
60943
41963
37735
46086
48134
46086
48134
46086
46086
46086
46086
46086
46086
46054
60909
63155
31495
33511
33543
18852
39913
44138
31463
46118
48134
48134
48134
48134
48134
48134
48134
46086
48134
52426
56750
46153
44006
44006
44006
44006
43974
46022
23076






32
60943
41963
37735
48134
48134
46086
48134
48134
48134
48134
48134
48134
48134
46086
60876
63155
31495
33511
33543
18884
39913
44106
31431
46118
48134
48134
48134
48134
48134
48134
48134
46118
48134
52425
56718
48298
43974
43974
43974
43974
43942
43942
35622






2145
60975
39882
39783
48134
48134
46086
48134
48134
48134
48134
48134
48134
46086
48134
60876
63155
31495
33511
33543
16804
35753
44106
29351
46086
46086
48134
48134
48134
48134
48134
48134
46118
48134
50344
56716
52556
41863
41862
41862
41862
41862
41862
41863
2112





8451
62990
37769
41927
46118
48134
48166
48134
48134
48134
48134
48134
48166
48134
48166
58828
63122
31495
33511
35559
14691
33608
44106
29319
48166
48166
48134
48134
48134
48134
48134
48134
48166
48166
48231
56717
58864
37735
39783
37735
37735
37735
37735
39783
20996





33707
63023
33511
46119
46118
48166
48166
48134
48134
48134
48134
48166
48166
48166
48166
60877
63122
31463
33511
33511
12611
27367
46187
29319
46119
48166
48166
48134
48134
48134
48134
48134
48166
48166
48166
56717
56750
35591
35591
35591
35591
35591
35591
35591
31462
2112



0
56753
60976
29351
48198
46118
48166
48166
48134
48134
48134
48134
48166
48166
48166
48166
60909
61042
29415
31431
31431
10499
23142
46219
27271
46118
48166
48166
48166
48166
48166
48166
48166
48166
48166
48134
56651
58766
35592
31431
31399
31399
31399
31399
29351
31431
25190
32


6306
63024
54637
33543
46118
46118
48166
48166
48166
48166
48166
48166
48166
48166
48166
48166
63022
58929
29383
29383
29351
8418
18949
46219
29351
46086
48166
48166
48166
48166
48166
48166
48166
48166
48166
50214
52360
58765
44074
25191
25191
25191
25159
25191
25191
23143
25191
21031
2113

14757
63023
37769
39848
48198
48198
48166
48166
48166
48166
48166
48166
48166
48166
48166
48166
60942
52590
27271
27271
27271
4225
16836
48298
27271
43975
48166
48166
48198
48198
48198
48198
48198
48198
48198
48166
50247
58732
58831
31464
25191
25191
25191
25191
25191
25191
25191
25191
25159
29383
58863
60976
31431
46119
48198
48198
48198
48198
48198
48198
48198
48198
48198
48198
48198
48198
63056
46286
25191
27239
25223
32
12644
48331
33543
41895
48166
48198
48198
48198
48198
48198
48198
48198
48198
48198
48198
54505
56717
50444
31431
29351
29351
29351
29351
29351
29351
29351
31431
52492
60943
48268
37703
48198
48198
48198
48198
48198
48198
48198
48198
48198
48198
48198
48198
50278
63056
46286
27271
29319
18917

4225
48332
41993
37703
48199
48198
48198
48166
48166
48166
48166
48198
48198
48198
48198
48198
58764
58797
52492
35624
31431
31463
33511
31463
33511
35624
54572
60942
56685
31367
46087
48166
48198
48166
48166
48166
48198
48198
48198
48198
48198
48198
48198
56617
63088
44172
31431
31431
6338


46220
50379
29319
48199
48198
48198
50214
50214
50214
50214
48198
48198
48198
48198
48198
48198
60845
58797
58830
54604
46120
41927
44007
52523
60942
60910
60943
33479
46119
48166
50214
50214
50214
50214
50214
50214
50214
48198
48198
48198
48198
48166
62990
63056
37800
33543
31527
2113


21030
50379
31432
46055
48198
48198
50214
50214
50214
50214
50214
48198
48198
48198
48198
48166
50279
58764
58797
60878
60877
60910
60910
60910
60941
58861
37704
41928
48230
50246
50214
50214
50214
50214
50214
50214
50214
50214
48198
48198
48198
48198
63022
63122
33575
35655
29414
0


8386
50379
35656
39783
48230
50246
48198
48198
50246
50246
50246
50246
50246
50246
50246
50246
50246
50278
54505
58764
58797
60877
60877
56684
50314
39847
46087
50280
50279
48198
48230
48198
48198
48198
48198
48198
48198
48198
48198
48198
50246
52359
65103
56783
37735
37735
4257



2112
46251
46251
31431
48198
50246
50246
50246
50246
50246
50246
50246
50246
50246
50246
50246
48198
50246
50246
48166
50246
50278
50246
48134
48198
48198
50279
50247
48198
48198
48230
48198
48198
48198
48198
48198
48198
48198
48198
50278
48198
54570
63088
48298
39815
31462





31593
48363
35624
44006
50278
50278
50246
50246
48198
50246
50246
50246
50246
50246
50246
50246
48198
48198
50246
50246
50246
50246
50246
50246
50246
50278
48198
50246
50246
48198
48198
48198
48198
50246
50246
50246
50246
50246
50246
50278
65104
63056
46120
41927
8418





32
46283
44074
33511
48198
50246
50246
50246
50246
50246
50246
50246
50246
50246
50246
50246
50246
50246
50246
50246
50246
50246
50246
50246
50246
50278
50246
50246
48198
50278
48198
48198
48198
50246
50246
50246
50246
50278
50278
54473
65104
63057
44007
23141







35721
50412
35624
44039
50278
50278
50246
50246
50278
50278
50278
50278
50278
50278
50246
50278
50278
50278
50246
50278
50246
50246
50246
50246
50246
50246
50246
50246
50278
48198
48198
50278
50278
50278
50278
50278
50278
50278
60876
65103
48233
37735
2113







6338
50443
48299
29319
50247
50278
50278
50246
50246
50246
50246
50246
50246
50246
50246
50246
50246
50246
50246
50246
50246
50246
50246
50246
50246
50278
50246
50246
50278
50246
50278
50246
50246
50246
50246
50246
50246
56585
65103
60943
44072
6338









27368
52492
41928
37703
48231
50246
50278
50278
50278
50278
50278
50278
50278
50278
50278
50278
50278
50278
50278
50278
50278
50278
50278
50278
50278
50278
50310
50311
50278
50278
50278
50278
50278
50278
50278
50278
62957
63055
50411
8418










2113
50381
52460
33543
44008
50279
50278
50310
50278
50278
50278
50278
50278
50278
50278
50278
50278
50278
50278
50278
50278
50278
50278
50278
50278
50278
50278
50278
50278
50278
50278
50278
50278
50278
50246
60876
65104
56782
21062












14756
52525
52524
35624
44007
50310
50310
50278
50278
50278
50278
50278
50278
50278
50278
50278
50278
50278
50278
50278
50278
50278
50278
50278
50278
50278
50278
50310
50278
50278
50278
50278
50278
56650
65103
61009
27401














29480
54572
52524
35688
44039
50310
52326
52326
50278
50278
50278
50278
50278
50278
50278
50278
50278
50278
50278
50278
50278
50278
50310
50310
50278
50278
50310
50310
50310
50278
50278
56617
65103
63056
35754















0
41994
54604
52556
37736
44006
50278
52358
52326
52357
52326
52326
50310
50310
50310
52326
52325
52326
52326
52326
50278
52326
52326
52326
52357
50310
50310
50310
50246
50310
56650
65102
63088
42093


















42027
54605
54605
50282
37639
50279
50278
50278
52358
52358
52358
52358
52358
52357
52357
52357
52358
52357
52358
52358
52358
52358
52357
52358
52358
52358
50278
60876
65102
63024
46253
0


















2112
35721
54637
56685
54540
43976
39815
52360
50278
52326
52358
52358
52325
52357
52357
52357
52357
52357
52357
52390
52358
52391
52358
52358
52326
56617
62988
65102
63055
27335





















32
27302
52556
54637
56717
52459
48201
43975
48167
50279
50311
52358
50310
50310
52358
52326
52358
50310
50310
50310
50278
52391
56618
60877
63023
63023
54670
16804
























6305
39913
56685
56653
56685
58797
54539
48200
48168
50311
52390
50343
52391
52391
52392
52424
54504
56617
60875
63021
63023
62991
60943
44140
2145



























4193
39946
54638
58766
58797
58829
60877
60877
60909
60909
60910
62989
62989
62989
62957
62990
63023
60943
60912
50414
2145































2112
8450
33608
54638
58832
58831
58830
60878
60878
60910
60910
60911
62991
60944
50445
16836
6305
0



































0
6305
14724
18949
21030
23110
23110
21062
18917
10498
2112





















