

















0
6338
14789
18950
18982
21062
18950
16870
8451
32





































0
6338
25256
52623
56814
58894
58862
58862
58894
58894
58895
58896
56850
35788
8451
32

































6338
48399
54703
56750
58798
58830
60910
60911
60878
60911
60911
62990
62990
62958
60911
60976
54736
12644






























0
31594
54670
58766
56750
56717
44073
37769
37735
37671
35623
35623
37703
39784
41929
48233
58830
62990
60943
60977
37835
0



























4258
46253
56717
56717
52428
39816
33511
33543
35591
33543
35591
35591
35591
33543
35591
35591
35591
35591
41928
54572
60943
63023
50511
4258

























8451
52559
56685
54605
41962
31431
35591
35591
35623
35623
35591
33543
35591
35591
35591
35591
35591
35591
33511
35591
35591
44073
58830
63023
60975
10531























6338
52558
56686
54605
31399
35591
35623
35591
35591
35591
35591
35591
35591
35591
35591
35591
35591
35591
35591
35591
35591
35623
35591
37703
58863
63055
61009
12677





















32
44205
56685
50379
31431
33543
35591
33543
35591
35591
35591
35591
35591
35591
35591
35591
35591
35591
35591
35591
35591
35559
35591
35591
35591
37703
54603
65070
58897
18950




















37867
54605
48332
29319
35591
35591
35591
35623
35591
35591
35591
35591
35591
35591
35591
35591
35591
35591
35591
35591
35591
37639
35591
35591
35591
35591
35623
54636
63055
56816
14725


















21063
50477
50412
29351
35591
35591
35591
35623
35591
35623
35623
35591
35591
35591
35591
35591
35591
35591
35623
35623
35623
35591
35591
35591
35591
35591
35623
35591
37671
58797
63055
60944
10531
















4193
50412
52556
33511
33511
35623
35623
35623
35623
35623
35623
35623
35623
35591
35591
35591
35591
35591
35591
35623
35623
35623
35623
35623
35623
35623
35623
35623
35591
35623
39815
63023
65102
54602
8450














0
44173
50444
37801
33479
35623
35623
35623
35623
35623
35623
35623
35623
35623
35623
35623
35623
35623
35623
35623
35623
35623
35623
35623
35623
35623
35623
35623
35623
35623
35623
35623
46121
63022
63054
46186
6306













12644
52525
48299
29383
35623
35623
35623
35623
35623
35623
35623
35623
35623
35623
35623
35623
35623
35623
35623
35623
35623
35623
35623
35623
35623
35623
35623
35623
35623
35623
35623
35623
37671
60943
63055
56618
39912
32











0
42059
50445
29384
33543
35623
35623
35623
35623
35623
35623
35623
35623
35623
35623
35623
35623
35623
35623
35623
35623
35623
35623
35623
35623
35623
35623
35623
35623
35623
35623
35623
35623
35623
37767
63023
65102
48199
35688
0










16837
52492
46220
31399
35623
35623
35623
35623
35623
35623
35623
35623
35623
35623
35623
35623
35623
35623
35623
35623
35623
37671
35623
35623
35623
35623
35623
35623
35623
35623
35623
35623
37671
35623
37671
56685
63055
54571
41959
12643










35721
52459
27271
35623
35591
37671
37671
37671
37671
37671
35655
35655
35655
35623
37671
37671
37671
37671
37671
37671
37639
35623
37671
37703
35623
37703
37671
37671
37671
37671
37671
37703
37671
35623
37703
37703
63056
60910
41895
41961
4225








6338
50380
46154
29351
35623
37671
37671
37671
37671
37671
37671
37703
37703
37671
37671
35623
37671
37671
37703
37703
35623
35623
37703
37671
37703
37703
37703
37703
37671
37671
37671
37671
37671
37671
37703
37703
35623
56684
63088
39815
37703
25190








31529
52460
31431
35623
37671
37703
37671
37671
37671
37671
37671
37703
37671
37671
37671
37703
41895
52491
58797
60910
56685
48266
35591
35591
37671
37671
37671
37671
37703
37703
37671
37671
37671
37703
37671
37671
37671
48233
63024
54671
29351
29383
6338







46187
46154
29351
35623
37703
37703
37703
37703
37703
37703
37703
37703
37703
37671
37703
44073
58830
60877
60878
60878
60910
60943
60911
37736
35591
37703
37703
37703
37703
35655
37703
37703
37703
37703
37703
37703
37703
37671
63023
60975
33543
29351
18917






4258
50380
37769
31399
37703
37703
37703
37703
37703
37703
37703
37703
37703
37703
37703
44008
56750
56718
58798
48266
44072
50379
58863
60943
58830
37704
33543
37671
37671
37671
37703
37703
37703
37703
37703
37703
37703
37703
37703
52458
65201
39880
39815
33575
2112





35787
50444
29351
37703
37703
37703
37703
37703
37703
37703
37703
37703
37703
37703
37671
54605
58864
46219
29351
29351
29351
29351
33511
50379
62990
56749
29351
37703
39719
37703
37703
37703
37703
37703
37703
37703
37703
37703
37703
46122
63056
56751
43975
41926
23109




32
46220
46186
29351
37703
37703
37703
37703
37703
37703
37703
37703
37703
37703
37703
50346
58831
50445
31431
27271
25191
25191
25191
25191
29287
52492
60942
46219
31431
37671
37703
37703
37703
37703
37703
37703
37703
37703
37703
37703
41863
63056
63089
46119
46086
35719




6306
50381
35688
31431
37703
37703
37703
37703
37703
37703
37703
37703
37703
37703
37735
54638
54703
31464
29383
29351
25191
25223
25191
25191
27207
29351
60879
58797
27239
37671
37703
37703
37703
37703
37703
37703
37703
37703
37703
37703
37703
60943
63088
54603
52424
48264
2145



10531
50380
31464
35623
37703
37671
37703
37703
37703
37703
37703
37703
37703
37735
41928
56783
46252
29351
29351
29351
29319
29319
29351
29351
27303
18949
25223
63024
37703
35623
37703
37703
37703
37703
37703
37703
37703
37703
37703
37703
37703
50345
63088
60976
58765
58763
31561



27368
50347
29319
37703
37703
37703
37703
37703
37703
37703
37735
37703
37703
37735
56718
56784
39849
33575
31431
31431
31431
33479
33479
31431
21029
0
32
60912
60943
29319
37703
37703
37703
37703
37703
37703
37703
37703
37703
37703
37735
44008
63088
63088
65103
65071
56783
0

0
42059
48299
29319
37703
39751
37735
37735
37735
37735
37735
37735
37735
37735
39848
54638
58897
35591
35623
33543
33543
33511
33511
35559
31431
32


35754
60943
29383
35655
37735
37703
37735
37735
37735
37735
37735
37735
37703
37703
41896
63056
63153
63023
65071
60976
4225

2113
48299
44041
33479
37735
39783
37735
37735
37735
37735
39815
37703
37735
37703
41961
56718
46187
37735
35591
35591
35591
35591
35623
35591
16772



14724
62991
31529
35623
37735
37735
37735
37735
37735
37735
37735
37735
39783
37735
39815
61007
63153
60910
65038
62990
10499

8451
48299
35623
35591
37735
39751
37735
37735
37735
37735
39847
37735
39879
39847
46185
56783
41960
35623
35623
35623
35623
35623
35623
33511




10499
60943
37801
33543
37735
37735
37735
37735
37735
37735
37735
39783
39783
37735
39751
63023
63121
60878
62957
62989
16837

12644
48298
29351
35623
37735
39783
39783
37735
37735
37735
39783
41991
37735
41927
52492
56718
37703
35591
35623
35623
35623
35623
35623
25157




2145
63024
48331
31431
37735
37735
39783
39783
39783
39783
39783
39783
39783
37735
39783
58829
63088
60910
60845
60845
35722

16837
48298
27271
35623
37735
39783
39783
39783
39783
39783
39783
39847
39815
37735
56718
56751
35623
35623
35623
35623
35623
35623
35623
14691




0
60944
56782
29351
37735
39783
39783
39783
39783
39783
39783
39783
39783
37735
39783
54506
63089
60911
58732
58764
52525

18949
48265
27271
37703
37735
39783
39783
39783
39783
41895
41895
37735
41959
39815
56686
58929
37703
37703
37703
37703
37703
37703
35655
2112





54671
60975
29351
37735
39783
39783
39783
39783
39783
39783
39783
39783
39783
39751
48199
63089
58863
54570
56618
54604
32
21062
48234
27271
37735
39783
39783
39783
39783
39783
41895
39783
37735
39815
44040
56686
58929
39815
39783
39783
39783
39783
39783
37703






42126
63023
29351
39783
39783
39783
39783
39783
39783
39783
39783
39783
39783
39783
43974
63056
56782
52425
54537
52490
4225
25223
46186
27239
37735
39783
39783
39783
41894
39815
41896
39783
39815
39783
46121
54605
52590
41894
41862
41862
41862
41894
41894
33574






31595
62991
31431
37735
39783
39783
39783
39783
39783
39783
39783
39783
39783
39783
39782
63056
56718
48264
52360
50345
8450
27303
46185
27239
39815
39783
39783
39783
41895
41927
39815
44008
41927
39783
46153
56718
50412
41894
43942
43942
43942
43942
43974
25189






21063
62991
33544
37735
39783
39783
39783
39783
39783
39783
39783
39783
39783
39783
39751
63056
54637
44039
46087
48199
12611
27367
46186
27239
39783
39815
39783
39783
41895
41895
39783
39815
39815
39783
48233
56750
46251
43974
43974
43974
43974
43974
43974
20996






14757
63023
35656
37735
39783
39783
39815
39783
39783
39783
39783
39783
39783
39783
39751
63056
50477
35623
39751
39847
12611
29448
46186
27239
39815
39847
41927
39783
44009
39815
41896
39783
39815
39782
48233
56718
46218
44006
46054
46022
46022
46054
46022
20963






8483
63023
37736
37703
39815
39783
39814
39815
39815
39815
39815
39815
39815
39815
39782
63056
52589
33543
33543
33543
12579
31496
46186
27271
39815
39847
44041
39783
39783
44008
41895
39815
41862
39815
48233
56717
46217
46054
46054
46054
46054
46054
46054
18883






6371
63023
37769
37703
39815
39814
39815
39815
39815
39815
39815
39815
39815
39815
39782
63023
54638
33543
33543
33543
12611
31528
46218
27239
39815
39815
39815
41927
39783
39815
39815
39815
39815
39783
48233
56717
48330
46054
46054
46054
46054
46054
46054
18883






6306
63023
37769
35655
39815
41862
39815
39815
39815
39815
39815
39815
39815
39815
39782
63022
54670
33543
33543
33543
14659
29448
46186
27239
41959
39815
39815
44007
41895
39815
39815
39815
41862
39815
48201
56717
52557
46054
46054
46086
46086
46086
46086
18883






4258
63023
37801
35655
39815
39814
39815
39815
39815
39815
39815
39815
39815
39814
41862
62990
56783
33543
33511
33543
14691
27335
46186
31399
41959
41927
39815
39814
39815
39814
39814
41862
41862
39814
46120
56717
56782
46054
46086
46086
46086
46086
46086
18883






4226
63023
37769
35655
41862
39815
39815
41862
39814
39814
39814
39814
41862
39814
41862
62990
56783
33575
35591
33543
14691
23175
46218
31431
39815
44007
39815
39815
41862
41862
41862
41862
41862
39815
44039
56717
60976
46054
46086
46086
46086
46054
46086
20963






4225
63023
37801
37735
41862
39815
41862
41862
41862
41862
41862
41862
41862
41862
41862
62990
56751
33575
35591
35623
14691
21030
46186
33575
39783
41894
41862
41862
41862
41862
41862
41894
41862
41862
43975
56717
60976
46054
46054
46086
46086
46086
46054
23076






4193
62991
37801
37735
41862
39847
41894
41862
41862
41862
41862
41862
41862
41862
41862
60941
56783
35655
35623
35623
14691
18950
48299
29351
39847
41862
41862
41894
41862
41862
41862
41862
41862
41862
41862
56717
58831
46087
46118
46086
46086
46086
46086
31461






4225
62991
37801
37735
41894
41895
41894
41862
41862
41862
41862
41862
41862
41862
41862
60973
56815
35655
37671
35623
14723
16805
48332
27271
39815
41894
41894
41894
41894
41894
41894
41894
41894
41894
41894
54604
56685
46087
44006
46054
46054
46054
46054
39814






4193
62991
37801
37735
41862
41894
41894
41894
41894
41894
41894
41894
41894
41894
41862
62990
56815
37703
37703
37671
16771
12644
50380
33575
37735
41894
41894
41894
41894
41894
41894
41894
41894
41894
41894
50377
58766
46087
43974
43974
43974
43974
43974
43975
0





4225
62959
37801
37735
41894
41894
41894
41894
41894
41894
41894
41894
41894
41894
41862
60942
56783
37735
37703
37671
16771
8419
50381
35656
37703
41894
41894
41894
41894
41894
41894
41894
41894
41894
41894
46120
58765
48200
41862
41862
41894
41862
41894
41895
8418





4226
62959
37801
37735
41894
41894
41894
41894
41894
41894
41894
41894
41894
41894
41862
60942
56783
37767
39751
37703
16803
2113
46220
42026
35591
41894
41894
41894
41894
41894
41894
41894
41894
41894
41894
44039
56717
56685
37703
37703
37671
37671
37671
37703
23076





16870
60944
37769
37735
41894
43942
41894
41894
41894
41894
41894
41894
41894
41894
43942
62990
56815
37767
39783
37735
16803
0
46253
46251
31399
41894
41894
41894
41894
41894
41894
41894
41894
41894
41894
41894
56717
58798
37736
31431
33479
31431
31431
33479
25190




4193
54703
63024
35656
39815
41894
43942
41894
41894
41894
41894
41894
41894
41894
41894
43942
62990
58863
39847
39783
39783
16803

31529
48332
29319
41927
43942
43942
41894
41894
41894
41894
41894
41894
41894
41894
48232
58765
46155
27271
25191
25191
25191
27207
25191
8418


32
35786
60975
52525
31431
41926
41894
43942
41894
41894
41894
41894
41894
41894
41894
41894
43942
60942
58863
39847
39814
39815
16803

12644
50379
29383
39815
41894
43942
41894
41894
41894
41894
41894
41894
41894
41894
41927
58797
56750
37736
29319
29319
29319
27271
27271
25223
2112
2080
33706
60975
60911
31431
39815
41894
43974
41894
41894
41894
41894
41894
41894
41894
41894
41894
41894
60942
58863
41894
41894
41894
16803

6338
50379
33576
35655
43974
43942
43974
43974
43974
43974
43974
43974
43974
43974
41926
50345
58797
58798
39847
33479
33479
33479
33511
33479
37735
52559
60943
60911
31431
37735
43974
43974
41894
43974
43974
43974
43974
43974
43974
43974
43974
43942
41926
60974
58864
41894
41894
41894
16803

2113
48267
41961
33543
41926
43974
43974
43974
43974
43974
43974
43974
43974
43974
43974
43974
54571
58797
58830
54572
52460
52460
52492
56717
62990
60910
58797
35689
39783
41894
43974
43974
43974
43974
43974
43974
43974
43974
43974
43974
43974
43974
41926
60942
58896
43974
41926
41926
16803

0
42059
50379
29351
41927
43974
43974
43974
43974
43974
43974
43974
43974
43974
43974
43974
44006
54571
60878
60877
60878
60910
60910
60910
60910
52460
37703
41895
43974
43974
43974
43974
43974
43974
43974
43974
43974
43974
43974
43974
43974
43974
41958
60942
58896
43974
43974
43974
18883


14724
50380
33576
37767
43974
43974
43974
43974
43974
43974
43974
43974
43974
43974
43974
43974
43974
48232
56684
56684
56716
56717
52426
35623
41927
41895
43974
43974
43974
43974
43974
43974
43974
43974
43974
43974
43974
43974
43974
43974
43974
44006
60942
58896
44006
44006
44006
18883



50445
39913
31463
43974
43974
43974
43974
43974
43974
43974
43974
43974
43974
43974
43974
43974
43974
44006
44006
43974
43974
43974
41958
43974
43974
43974
43974
43974
43974
43974
43974
43974
43974
43974
43974
43974
43974
43974
43974
43974
43974
62990
58896
46086
44038
44006
18883



37866
50411
29319
43975
43974
43974
43974
43974
43974
43974
43974
44006
43974
43974
43974
43974
44006
43974
43974
43974
43974
43974
43974
43974
43974
43974
43974
43974
43974
43974
43974
43974
43974
43974
43974
44006
43974
43974
43974
43974
43974
62990
58864
46086
46086
46054
18883



16869
50379
41896
35623
43974
43974
43974
43974
44006
44006
44006
44006
43974
43974
43974
44006
44006
44006
44006
44006
44006
44006
44006
44006
44006
43974
44006
44006
43974
43974
43974
44006
43974
43974
44006
44006
44006
44006
43974
43974
43974
62990
58863
48166
46118
48134
18883



0
46219
50347
29319
44007
43974
44006
43974
44006
44006
44006
44006
44006
44006
44006
44006
44006
44006
44006
44006
44006
44006
44006
44006
44006
44006
44006
44006
43974
43974
44006
44006
43974
44006
44006
44006
44006
44006
43974
43974
44006
62990
58895
48198
48198
48134
18883




25255
52493
39848
35655
44006
44006
43974
44006
44006
44006
44006
44006
44006
44006
44006
44006
44006
44006
44006
44006
44006
44006
44006
44006
44006
44006
44006
44006
44006
44006
44006
43974
43974
44006
44006
44006
44006
43974
44006
44006
62990
58895
48199
48198
50214
20963




2112
50413
52492
29383
41895
43974
46054
44006
44006
43974
43974
43974
43974
43974
43974
43974
43974
43974
43974
43974
43974
43974
46054
46054
44006
46086
46054
44006
43974
44006
43974
43974
43974
43974
43974
43974
44006
46054
46054
46054
63022
58895
50279
48198
50246
20963





18917
52493
48235
33511
44006
44006
46054
46054
46054
46054
46054
46054
46054
46054
46054
46054
46054
46054
46054
46054
46054
46054
46054
44006
43974
50280
46154
37671
44006
46054
44006
46054
46054
46054
46054
46054
46054
43974
44006
62990
58895
48231
50246
50246
20963





32
42028
52493
44009
35591
44006
46054
46054
46054
46054
46054
46054
46054
46054
46054
46054
46054
46054
46054
46054
46054
46054
46054
46054
46119
60910
41962
37703
46054
46054
46054
46054
46054
46054
46054
46054
46054
46054
46054
63023
58863
48199
50246
50246
18883






2112
50445
52491
39848
37703
44006
46054
46054
46054
46054
46054
46054
46054
46054
46054
46054
46054
46054
46054
46054
46054
46054
46087
63023
62990
39850
39815
46054
46054
46054
46054
46054
46054
46054
46054
46054
46054
46054
63023
58862
48198
50246
50246
18915







10531
52589
52588
41961
35591
44007
44006
46054
46054
46054
46054
46054
46054
46054
46054
46054
46054
46054
46086
46054
46087
60910
63023
62990
37737
41894
46086
46054
46054
46054
46054
46054
46054
46054
46054
46086
44006
63023
58862
50246
50246
50246
16803








23143
52557
54604
46219
35623
44007
44006
46054
46086
46086
46086
46086
46054
46086
46086
46054
46054
46086
48199
60877
60974
62991
63022
33576
41926
46086
46086
46054
46054
46054
46054
46054
46054
46054
46054
46054
63023
56782
50246
50246
48230
14723









21030
52557
54637
54572
41929
39783
43974
46087
46086
46054
46086
46086
46086
46086
46054
46086
54505
60910
60942
58830
56652
62990
31431
44039
46086
46054
46054
46054
46054
46054
46054
46054
46054
46054
46054
63023
56749
48198
48166
48198
12610










8418
46251
54637
56717
56685
48201
41896
43975
46086
46086
46118
46151
48199
54505
60877
62989
60910
56718
33511
58766
63023
29351
44039
46086
46054
46054
46054
46054
46054
46054
46086
46054
46054
48102
63024
56749
48198
50246
48230
8450











0
23175
52622
56718
58798
58797
58796
60845
60845
60877
60845
60877
60878
60911
58830
48333
12611
0
52558
62959
29351
44038
46054
48102
46086
46054
46086
46086
46086
46086
46086
46054
50246
63056
54669
48198
48166
48199
4225













2145
16837
44141
56720
58799
60878
58831
60911
58830
58863
48431
18950
8418
0

0
60976
58831
31431
46086
48134
48134
46086
46086
46086
46086
46086
46086
46086
48134
54440
63088
54669
48199
48166
46119
32
















32
4258
10564
16869
16837
10531
2113





4225
60975
50380
35623
46086
48134
48134
46086
46086
46086
46086
46086
46086
48134
46086
58731
63055
52523
48199
48166
37798





























10499
63055
39817
37735
48134
48134
46086
46086
46086
46086
46086
46086
46086
48134
48134
60877
63087
46216
48167
50279
23108





























14756
62990
35593
39847
48134
46086
46086
46086
46086
46086
46086
46086
46086
48134
48134
63023
63120
44070
48102
48200
10498





























39947
60911
31431
44007
48134
48134
48134
48134
48134
48134
48134
48134
48134
48134
48198
63022
63088
44038
46054
44072
6305















2145
14756
0










2112
58864
60911
29383
46086
48134
48134
48134
48134
48134
48134
48134
48134
48134
48166
48231
65103
56750
41959
41863
35687
2080












2112
16837
35721
50444
52491
39946
8450









18950
60944
44041
39847
48166
48134
48166
48166
48166
48166
48166
48166
48166
48166
48166
50343
65136
48299
37703
31431
23110
0









2113
8418
33674
52525
52491
52458
54505
54472
52425
50410
31560
4225
0






42027
60944
27239
44039
48166
48166
48166
48166
48166
48166
48166
48166
48166
48166
48166
56651
63056
39882
31431
31431
10499









12644
48333
52492
54474
54505
54472
52392
52393
52392
50344
50342
50311
46216
41993
25255
2145



18982
60910
54606
29351
46119
48166
48166
48166
48166
48166
48166
48166
48166
48166
48166
48198
63023
63056
35623
31431
29383
0









42092
54603
54539
52392
52424
52391
52391
50311
50311
50311
50279
50278
48231
48198
46183
46151
41960
37799
37799
56749
60943
35591
46119
48166
48166
48166
48198
48198
48198
48198
48166
48166
48198
48166
50311
63024
63025
33575
33511
25222









0
44172
54604
54604
54603
52457
50312
50279
48231
48231
50279
48198
48198
48166
46118
46118
46086
46086
46119
60877
60943
46187
35623
48166
48166
48198
48198
48198
48198
48198
48198
48166
48198
48198
48166
52425
63056
48266
37735
35655
14756









32
46252
52459
54605
54604
56684
56652
52458
50312
48199
48166
48166
48166
46086
46086
46086
44038
48232
58829
60911
56719
31431
46151
50246
50214
48198
48198
48198
48198
48198
48198
48198
48198
48198
48166
58764
65169
37704
39815
37800
0









2112
50412
37769
37736
56652
56684
56684
58764
58765
58765
56684
56619
52425
50344
52392
54506
60845
60910
60877
60944
31431
46087
48166
50214
50214
48198
48166
48166
48166
48198
48166
48198
48198
48198
50246
65136
60944
39783
39815
20997










2113
50476
35689
37735
48199
50311
54538
58732
58765
58765
58765
58798
58829
58797
60877
60910
60878
60910
52523
35591
46151
48198
50246
48198
50214
48198
50214
48198
48198
48198
48198
48198
48198
48166
56650
63056
56685
44006
44007
4193










4193
52556
35689
41895
50246
48198
48198
50278
52392
54505
56651
58764
58796
58829
60877
56716
52459
46120
41895
48199
48198
50246
50246
50246
50246
50246
50246
50246
50246
50246
48198
48198
50246
50246
60877
63057
48169
46022
20996











6338
52524
33576
44007
50246
48198
50246
50246
50246
48166
48198
48198
48198
48231
48198
48166
48198
48198
48198
50246
50246
50246
48198
50246
50246
50246
50246
50246
50246
50246
50246
50278
50246
52393
65103
58830
48232
41961
2112











14724
52524
31431
48199
50246
50246
50246
50246
50214
50246
50246
50246
50278
50278
50246
50278
50278
50246
50214
50246
50246
50246
48230
50246
50246
50246
50246
50246
50246
50246
50246
48198
50312
63023
63056
52393
41959
6338












31593
52524
29351
50247
50246
50246
50246
50246
50246
50246
50246
50246
50246
50246
50246
50246
50246
50246
50246
50246
50246
50246
48230
50246
50246
50278
50246
50246
50246
50246
48198
50311
54570
65136
60911
46088
27302
0












44140
52524
29319
50247
50246
50278
50246
50246
50278
50278
50278
50246
50278
50278
50246
50278
50278
50246
50246
50278
50246
50278
50278
50278
50278
50278
50278
50246
50278
50278
50278
54472
63023
63055
48330
33575
0












0
48396
52525
31431
50246
50278
50278
50278
50278
50278
50278
50278
50278
50278
50278
50278
50278
50278
50278
50278
50278
50278
50278
50278
50278
50278
50278
52359
50278
50278
50278
50310
58764
62958
58798
35719
2145













32
52525
48299
35623
50278
50278
50278
50278
50278
50278
50278
50278
50278
50278
50278
50278
50278
50278
50278
50278
50278
50278
50278
50278
50310
50278
50278
52359
52359
50246
50279
54505
65136
60943
41960
6305














4225
50445
44073
39848
52326
52325
50278
50278
50278
50278
50278
50278
50278
50278
50278
50278
50278
50278
50278
50278
50278
50278
50278
50278
50278
50278
50278
50279
52392
52360
54440
62958
60976
52590
6305















10531
52524
35656
39881
52326
52325
52326
50278
50278
50278
50278
50278
50278
50278
50278
50278
50278
50278
50278
50278
50278
50278
50278
50278
50310
50310
50278
50279
52392
52424
62957
63055
52623
6338
















12643
52492
31464
41928
50246
50310
50278
52326
52326
52326
52326
52326
52326
52326
52326
52326
52326
52326
52326
52326
52357
52357
52357
50278
50310
52391
50278
50311
52456
62990
63024
56751
12611

















14691
54540
35624
39816
48199
50310
52358
52358
52326
52326
50278
52326
52326
52326
52326
50310
50310
52326
52326
52326
52326
52326
52358
50278
50278
52423
52391
54505
62957
63057
58865
14756


















14724
52524
54605
48265
35591
48199
52327
52326
52326
52326
52358
52326
52358
52326
52326
50278
50310
52326
52326
52326
52326
52358
52358
52327
50279
52424
54538
63055
63055
63057
10531



















2145
46285
52524
54604
52491
48234
39719
50247
52359
50278
52358
52326
52358
52358
52357
50310
52358
50278
50310
50310
50278
50310
52359
50279
50311
58796
63056
63056
56750
8418





















32
25223
50445
54604
54604
54636
48233
46120
46055
48198
52359
50311
50310
50310
52358
52358
52358
50310
50310
50310
52358
52424
58699
62990
62991
63024
46220
2144
























2113
31528
48332
52590
54669
56717
56684
54506
48168
48232
50312
50312
52359
52391
54440
54440
54472
56618
60845
62991
62958
65104
54638
25223




























0
14692
46253
54638
56717
58797
58797
58829
60878
60877
62925
62925
62925
62925
62958
62926
62959
60911
58831
37834
32































0
4225
10531
35754
52590
56783
58830
58829
58861
58861
58862
60910
60944
58832
39915
10531
2145





































0
4225
10563
16804
18917
18949
16837
12611
4225
0
























