6306
14692
14692
14724
14724
16837
23175
33739
52625
58931
63123
63090
63090
63090
63057
63057
58898
12611
0




33609
63024
63024
62991
63023
63023
63024
63024
65103
63023
65071
65103
65103
65135
65103
65103
65137
33543
10531




35721
65103
60943
56718
56751
58799
58799
56719
56686
54605
54605
52492
50379
46153
50313
65071
65105
37671
33575
12611
0


35721
65103
54572
35591
35591
35559
35591
35591
35591
35591
35591
35591
35591
35591
41894
65104
65137
37671
37671
33543
18917


33640
65103
54572
35591
35591
35591
35591
35591
35591
35591
35591
35591
35591
35591
41894
65103
65137
37703
37671
35623
35655
29481
32
33608
65103
54604
35591
35591
35591
35591
35591
35591
35591
35591
35591
35591
35591
41894
65103
65169
37735
37703
37703
37671
35655
8386
31528
65103
54572
35591
35591
35591
35591
35591
35591
35591
35591
35591
35591
35591
41894
65104
65169
37735
37703
37703
37703
37703
8418
31528
65103
54572
35591
35591
35591
35591
35591
35591
35591
35591
35591
35591
35591
41894
65104
65201
39783
37703
37735
37703
37703
8418
33608
65103
54572
35591
35591
35591
35591
35591
35591
35591
35591
35591
35591
35591
41894
65104
65201
39815
39783
37735
39783
37735
8418
33608
65103
54604
37671
37671
37671
37671
37671
37671
37671
37671
37671
37671
37703
39879
65103
65235
41927
43942
41894
41894
41895
10498
33608
65103
54604
37671
37671
37671
37671
37671
37671
37671
37671
37671
37671
37703
41927
65103
65203
44007
43974
41926
43942
43943
10498
33608
65103
54604
35623
37671
37671
37671
37671
37671
37671
37671
37671
37671
37703
41958
65103
65203
44007
43974
43974
43974
43975
12578
31528
65103
52524
29319
35655
37671
37703
37703
37703
37703
37703
37703
37703
37703
41958
65103
65203
44039
44006
44006
43974
43975
14691
29415
65103
56718
27271
35655
37671
37703
37703
37703
37703
37703
37703
37703
37703
41958
65103
65203
44039
46054
44006
46054
43974
16836
14691
60910
58798
31496
33511
37703
37703
37703
37703
37703
37703
37703
37703
37703
41959
65103
65235
44071
46054
46054
46054
46054
18884
6305
52523
62991
37769
29351
37703
37703
37703
37703
37703
37703
37703
37703
37735
41959
65103
65235
46120
46086
46086
46086
46054
18917
0
46219
62991
41930
29351
35623
37703
37703
37703
37703
37703
37703
37703
37735
41959
65103
65268
46120
48166
46118
46086
46086
20997

35721
62991
52525
31431
37735
39847
41895
41927
41927
41960
41960
44008
44040
48233
65071
65268
48168
48166
46118
48166
48134
20997

6338
61008
60909
58765
60845
60877
60877
62957
62957
62989
62957
62990
63023
63023
65103
65267
48264
48198
48166
48166
48166
21029


58897
62990
62991
62991
62990
62990
65103
65071
65071
65071
63023
65136
63089
63056
63220
48233
50246
48198
48166
48166
23110


18918
44138
44073
44073
44040
44008
41929
39849
37769
37737
35657
33609
33577
31529
29482
33544
46152
48198
50246
48199
27303




4226
27303
27301
35623
35623
35591
33511
33479
33479
29351
29319
27271
27239
25159
25159
35591
44007
48199
31528






32
8386
10498
31463
33607
31463
31431
29351
27271
25191
23111
23111
23079
23079
27207
29416
14724





















































































































































































































































































































































































































































16870
52658
54771
58931
58930
58929
61010
61009
60976
60975
62991
63055
63023
65103
65103
65104
63057
25157
32




35721
63055
63055
63023
63023
62991
62991
63024
63023
63023
65103
65103
65104
65136
63055
65071
65105
35655
25223




35721
65103
60910
52525
50412
48266
48266
46153
44041
41928
41896
39815
39783
37703
43975
65104
65105
37671
35623
23110
32


33641
65103
54572
35591
35591
35591
35591
35591
35591
35591
35591
35591
35591
35591
41862
65104
65137
37671
37639
35623
25189


33608
65103
54572
35591
35591
35591
35591
35591
35591
35591
35591
35591
35591
35591
41862
65103
65137
37735
37671
37671
35623
25254
32
33608
65103
54572
35591
35591
35591
35591
35591
35591
35591
35591
35591
35591
35591
41894
65135
65169
37735
37703
37703
37671
35623
8386
31528
65103
54572
35591
35591
35591
35591
35591
35591
35591
35591
35591
35591
35591
41894
65104
65169
37735
37703
37703
37703
37703
8418
31528
65103
54572
35591
35591
35591
35591
35591
35591
35591
35591
35591
35591
35591
41894
65104
65201
39783
37735
37735
37703
37703
8418
31560
65103
54572
35623
35623
35623
35623
35623
35623
35623
35623
35623
35623
37671
41895
65103
65202
41895
41863
39815
41863
39815
8417
33608
65103
54604
37671
37671
37671
37671
37671
37671
37671
37671
37671
37671
37703
39879
65103
65235
41927
43942
41894
41894
41895
10466
33640
65103
54604
37703
37703
35623
37671
37671
37671
37671
37671
37671
37671
37703
41927
65103
65203
41959
43974
41926
43942
43975
10466
33641
65103
54604
35591
37703
37703
37703
37703
37703
37703
37703
37703
37703
37703
41958
65103
65203
44039
44006
43974
43974
43975
10498
33608
65103
54605
29319
37703
37703
37703
37703
37703
37703
37703
37703
37703
37703
41958
65103
65203
44039
44006
44006
43974
43975
10498
25222
65103
56717
29351
35623
37703
37703
37703
37703
37703
37703
37703
37703
37703
41959
65103
65203
44039
46054
44006
46054
44006
12610
12579
58829
58830
33608
31431
37703
37703
37703
37703
37703
37703
37703
37703
37703
41958
65103
65235
44071
46054
46054
46054
46054
14659
4225
50411
62990
37770
29351
37703
37703
37703
37703
37703
37703
37703
37703
37735
41959
65103
65236
46120
46086
46086
46086
46054
14723

44106
62991
44042
29351
35623
35655
37703
37703
37703
37703
37703
37703
37735
44007
65103
65268
46120
48134
46118
48134
46086
16804

29448
63023
58798
35656
41961
44041
46121
46121
46121
46153
46153
46186
48234
50346
65071
65268
48200
48166
46118
48166
48135
16804

4193
58928
63022
62958
62958
62990
62990
62990
63022
65070
65070
65103
63055
63055
65103
65268
46152
48166
48198
48166
48166
18916


54672
62991
63023
63023
65103
65104
63023
63023
60943
60910
60910
58830
58831
58798
58930
46153
50246
48198
50246
48166
20997


8418
27302
39881
39881
41929
39849
37769
37737
35688
33576
33544
33544
31464
29384
27304
27272
41927
48199
50278
50247
27303





8418
27237
27269
35623
35623
35623
33511
33479
31431
29351
27271
27239
25191
25159
29319
39816
44072
29448







32
8385
8385
8385
8385
8353
6305
6305
6305
6305
6305
6273
6273
4225
8418
6305
